219	1
39	2
1224	3
1023	4
6750	5
6811	6
3360	7
5696	8
7371	9
2922	10
7511	11
1020	12
6544	13
2055	14
3282	15
3914	16
2722	17
523	18
1064	19
3634	20
2866	21
6084	22
9251	23
9519	24
2990	25
4478	26
3200	27
1283	28
8573	29
3205	30
1978	31
1842	32
6280	33
2330	34
245	35
2087	36
555	37
6507	38
5869	39
2794	40
546	41
4706	42
6437	43
6057	44
6599	45
815	46
7450	47
8185	48
1501	49
4275	50
4384	51
4234	52
8132	53
5075	54
8741	55
4940	56
2975	57
4157	58
5939	59
4392	60
5851	61
5977	62
186	63
4479	64
4815	65
8915	66
9003	67
2856	68
2827	69
9277	70
6650	71
9508	72
8620	73
4291	74
1938	75
7419	76
4202	77
7662	78
582	79
6831	80
8416	81
2678	82
1522	83
6998	84
2974	85
2485	86
7413	87
8825	88
7177	89
6543	90
981	91
3298	92
3852	93
7569	94
9705	95
1219	96
5782	97
1836	98
7833	99
8348	100
4883	101
4261	102
4219	103
9223	104
1839	105
6971	106
1556	107
8253	108
7409	109
2656	110
7034	111
8162	112
7458	113
9032	114
1652	115
9376	116
4488	117
2817	118
94	119
6702	120
449	121
8787	122
1802	123
5037	124
8239	125
8139	126
6952	127
151	128
5336	129
7338	130
4415	131
1993	132
535	133
618	134
3229	135
8456	136
8219	137
3382	138
8690	139
841	140
484	141
3456	142
4633	143
4646	144
615	145
9873	146
4766	147
7283	148
6439	149
5579	150
4541	151
8782	152
7871	153
4568	154
6131	155
6247	156
4945	157
1252	158
2927	159
3602	160
3050	161
9396	162
809	163
5586	164
1783	165
6654	166
9520	167
9022	168
857	169
3163	170
7058	171
1045	172
3916	173
9237	174
4786	175
5506	176
9536	177
3826	178
5272	179
4850	180
3291	181
5111	182
1742	183
772	184
510	185
1931	186
4417	187
9189	188
561	189
9781	190
4050	191
5345	192
9568	193
5420	194
1195	195
2016	196
9797	197
718	198
3563	199
5996	200
7170	201
3558	202
6087	203
9366	204
9026	205
8510	206
6418	207
8543	208
8815	209
7303	210
3514	211
5292	212
7618	213
3774	214
3432	215
1708	216
1874	217
6091	218
9419	219
5656	220
7506	221
4403	222
3857	223
1597	224
5234	225
419	226
3075	227
5600	228
9694	229
6980	230
2648	231
2186	232
235	233
5737	234
3495	235
6289	236
7579	237
5751	238
893	239
1990	240
5988	241
77	242
3964	243
8885	244
2450	245
9221	246
8735	247
6066	248
4003	249
5006	250
6572	251
5669	252
6033	253
6434	254
9060	255
8841	256
2851	257
9021	258
7546	259
6839	260
3680	261
2878	262
6985	263
6854	264
2080	265
2879	266
1528	267
7583	268
5145	269
4591	270
1017	271
7656	272
1734	273
1297	274
9479	275
4734	276
4834	277
1643	278
6560	279
4013	280
448	281
71	282
2989	283
3575	284
1242	285
5236	286
4034	287
4886	288
735	289
1403	290
705	291
2821	292
5948	293
7011	294
1749	295
4286	296
1054	297
7047	298
1492	299
1281	300
8295	301
7157	302
1150	303
8663	304
4806	305
1999	306
6995	307
9462	308
7921	309
576	310
2234	311
8355	312
1197	313
6835	314
1411	315
504	316
9346	317
2480	318
5657	319
1668	320
8602	321
6106	322
9896	323
5846	324
669	325
3592	326
5765	327
5866	328
3614	329
716	330
16	331
6128	332
1374	333
3071	334
1097	335
5795	336
3475	337
6746	338
8988	339
2430	340
2378	341
4960	342
31	343
8079	344
4263	345
9817	346
7280	347
5615	348
9874	349
9344	350
5863	351
7118	352
8475	353
8071	354
61	355
391	356
361	357
8141	358
972	359
3601	360
910	361
3534	362
8957	363
7014	364
179	365
1837	366
7093	367
2978	368
6328	369
1943	370
698	371
4196	372
6456	373
2682	374
2351	375
7060	376
301	377
6954	378
4943	379
2074	380
8521	381
1935	382
7140	383
4395	384
4540	385
4989	386
1369	387
2673	388
3225	389
1771	390
318	391
1902	392
8431	393
7101	394
793	395
8581	396
9906	397
6966	398
7600	399
3261	400
5985	401
9636	402
1101	403
6313	404
2652	405
1583	406
2089	407
8785	408
2038	409
6114	410
8646	411
6308	412
7049	413
3182	414
2551	415
8414	416
4226	417
3076	418
7340	419
9150	420
4428	421
3286	422
7429	423
1582	424
9141	425
155	426
6296	427
2047	428
9711	429
8082	430
6205	431
3487	432
6775	433
8406	434
7525	435
6856	436
1124	437
5455	438
650	439
9186	440
4223	441
8623	442
661	443
5532	444
7095	445
9266	446
497	447
8706	448
6631	449
6206	450
6121	451
7313	452
208	453
2108	454
1775	455
578	456
2831	457
8293	458
6687	459
6144	460
7925	461
839	462
433	463
7113	464
8470	465
1128	466
7906	467
1126	468
4593	469
6198	470
3809	471
2286	472
7212	473
4840	474
2490	475
9966	476
2076	477
3839	478
4620	479
7120	480
1646	481
7835	482
4066	483
1998	484
5112	485
646	486
2992	487
2857	488
7910	489
3849	490
3034	491
4878	492
2287	493
1408	494
6972	495
137	496
8985	497
1877	498
6760	499
5294	500
5094	501
5889	502
6115	503
5279	504
9317	505
4852	506
6257	507
3293	508
2267	509
1420	510
6603	511
6348	512
4726	513
7991	514
4611	515
2129	516
2948	517
6949	518
8610	519
5513	520
4782	521
8550	522
8016	523
9937	524
2201	525
8594	526
9928	527
2390	528
1366	529
3690	530
8823	531
8671	532
2916	533
8172	534
8425	535
1185	536
9160	537
6555	538
1428	539
7928	540
4673	541
5834	542
4801	543
8451	544
7514	545
7516	546
3538	547
7615	548
1377	549
9657	550
3255	551
4387	552
1757	553
3738	554
4436	555
3997	556
7878	557
8982	558
5733	559
5340	560
3030	561
918	562
9938	563
2057	564
74	565
6860	566
65	567
6072	568
1823	569
5617	570
5033	571
1997	572
784	573
266	574
6923	575
2609	576
9378	577
4494	578
7103	579
4921	580
5683	581
1828	582
3400	583
3315	584
3449	585
3821	586
6757	587
9840	588
894	589
8061	590
1154	591
9013	592
9314	593
2813	594
3598	595
1397	596
5134	597
8309	598
6974	599
2788	600
1645	601
3564	602
8781	603
6399	604
8816	605
892	606
8208	607
5576	608
2646	609
362	610
4472	611
515	612
4595	613
3338	614
4807	615
4037	616
4477	617
1311	618
7301	619
6799	620
550	621
1237	622
3186	623
8625	624
2171	625
4809	626
8669	627
1120	628
2711	629
6204	630
1177	631
7186	632
4952	633
7081	634
7050	635
2549	636
626	637
3458	638
4296	639
1776	640
2343	641
4854	642
1458	643
2907	644
2781	645
3647	646
7445	647
2414	648
2966	649
3241	650
9910	651
4158	652
6202	653
5358	654
6875	655
2293	656
3284	657
4865	658
1067	659
1265	660
248	661
4372	662
659	663
3853	664
5365	665
9526	666
8334	667
9674	668
3012	669
1669	670
159	671
8393	672
2575	673
4018	674
1814	675
2718	676
296	677
1982	678
5098	679
2426	680
5786	681
3539	682
5148	683
8918	684
3491	685
2415	686
2182	687
2710	688
6886	689
2232	690
2043	691
3407	692
645	693
7542	694
7035	695
9200	696
6377	697
5620	698
8955	699
7300	700
91	701
4780	702
5633	703
7473	704
4649	705
6448	706
1697	707
4777	708
3671	709
4060	710
4311	711
5552	712
8819	713
8759	714
9682	715
5460	716
4677	717
5143	718
8121	719
4656	720
6035	721
8457	722
3470	723
603	724
2377	725
5590	726
1781	727
9931	728
8409	729
4152	730
2996	731
8502	732
7194	733
9105	734
8869	735
6445	736
9144	737
9122	738
4893	739
5196	740
5650	741
8254	742
342	743
9575	744
3924	745
1258	746
9809	747
1914	748
4433	749
8882	750
96	751
3788	752
752	753
4432	754
7900	755
7918	756
3529	757
136	758
2767	759
8907	760
1189	761
4552	762
7946	763
2918	764
1029	765
782	766
6217	767
2289	768
8176	769
5064	770
2687	771
2854	772
6410	773
377	774
3127	775
6060	776
2062	777
2041	778
8670	779
9249	780
1602	781
5257	782
89	783
7292	784
3441	785
8110	786
7393	787
3843	788
1546	789
6726	790
4349	791
2892	792
4798	793
3154	794
3796	795
8938	796
5086	797
6315	798
8586	799
9416	800
7883	801
3944	802
3060	803
3056	804
238	805
9831	806
9718	807
7436	808
4454	809
4203	810
7763	811
9333	812
7642	813
684	814
5741	815
2133	816
2985	817
9800	818
3438	819
9156	820
7520	821
4435	822
3528	823
4015	824
3349	825
7144	826
5680	827
4069	828
5774	829
7712	830
1482	831
5839	832
3560	833
1310	834
8489	835
3158	836
9700	837
7467	838
1831	839
8639	840
9173	841
2352	842
3073	843
884	844
5344	845
5407	846
5201	847
9415	848
263	849
4095	850
8124	851
2471	852
9463	853
9332	854
382	855
8339	856
9590	857
1684	858
3733	859
1750	860
9587	861
2258	862
6469	863
7858	864
8342	865
4150	866
3812	867
1468	868
4711	869
729	870
5604	871
1758	872
8905	873
6178	874
8993	875
9285	876
3692	877
3408	878
4331	879
1336	880
6006	881
8651	882
6294	883
7109	884
5241	885
1795	886
7400	887
8215	888
3471	889
4556	890
863	891
4039	892
302	893
4565	894
4177	895
8427	896
4625	897
4778	898
7670	899
5247	900
7414	901
7645	902
9807	903
101	904
4508	905
9601	906
460	907
7788	908
8991	909
746	910
6189	911
5517	912
2819	913
6707	914
5555	915
5623	916
7285	917
1456	918
2935	919
950	920
6550	921
8875	922
3700	923
6148	924
7720	925
3712	926
7161	927
5806	928
1183	929
7145	930
4950	931
3417	932
3736	933
9726	934
5374	935
4144	936
5522	937
8229	938
5926	939
4145	940
8533	941
8294	942
6559	943
1862	944
1196	945
1034	946
5945	947
4032	948
6409	949
1794	950
4012	951
4770	952
3950	953
5540	954
9397	955
3848	956
386	957
7456	958
8596	959
9923	960
1637	961
4500	962
6031	963
3947	964
7543	965
8606	966
439	967
2850	968
3037	969
8569	970
2622	971
317	972
2400	973
7802	974
4619	975
7677	976
1626	977
8643	978
7957	979
4497	980
1293	981
2694	982
9028	983
5551	984
6350	985
4653	986
2124	987
2103	988
5440	989
6301	990
6747	991
2632	992
3989	993
8109	994
993	995
6965	996
2365	997
3146	998
5723	999
365	1000
6383	1001
5827	1002
3932	1003
9139	1004
4394	1005
8484	1006
4361	1007
9886	1008
5087	1009
1540	1010
5542	1011
5712	1012
4578	1013
6755	1014
5773	1015
4195	1016
2845	1017
6021	1018
9104	1019
6895	1020
8412	1021
4026	1022
4936	1023
1438	1024
2172	1025
4097	1026
5253	1027
7387	1028
1193	1029
1035	1030
8120	1031
1927	1032
9837	1033
3697	1034
8797	1035
85	1036
7706	1037
7134	1038
985	1039
2210	1040
2391	1041
7975	1042
4905	1043
8250	1044
9555	1045
3886	1046
710	1047
8803	1048
3577	1049
5384	1050
8858	1051
5185	1052
8369	1053
3468	1054
9730	1055
4077	1056
1946	1057
2820	1058
2233	1059
6956	1060
9418	1061
5320	1062
9296	1063
8506	1064
11	1065
2291	1066
4128	1067
740	1068
4475	1069
1486	1070
9740	1071
1804	1072
6912	1073
9214	1074
2304	1075
3390	1076
2147	1077
5507	1078
9951	1079
5114	1080
5074	1081
832	1082
1463	1083
3213	1084
8218	1085
7459	1086
3141	1087
9489	1088
4367	1089
3175	1090
5004	1091
7973	1092
6776	1093
6608	1094
1895	1095
2027	1096
8039	1097
8027	1098
6250	1099
6090	1100
3806	1101
8332	1102
3981	1103
7885	1104
4231	1105
3567	1106
776	1107
8860	1108
2472	1109
6331	1110
5088	1111
1273	1112
4906	1113
8006	1114
3237	1115
4920	1116
7811	1117
3864	1118
8127	1119
7465	1120
4268	1121
9236	1122
2822	1123
3359	1124
2643	1125
1028	1126
9058	1127
5	1128
9040	1129
3027	1130
6789	1131
5341	1132
7807	1133
6580	1134
6183	1135
8540	1136
7360	1137
3460	1138
6488	1139
4723	1140
8445	1141
2588	1142
9274	1143
5596	1144
4420	1145
6714	1146
4858	1147
3636	1148
9725	1149
8049	1150
4750	1151
7370	1152
290	1153
1476	1154
5007	1155
8344	1156
4171	1157
8737	1158
2724	1159
9440	1160
3322	1161
2277	1162
3215	1163
6866	1164
7358	1165
2037	1166
9074	1167
3783	1168
5592	1169
3913	1170
7463	1171
9546	1172
1078	1173
7334	1174
2830	1175
2107	1176
3766	1177
1326	1178
4863	1179
2509	1180
564	1181
3708	1182
211	1183
8693	1184
7808	1185
6703	1186
9127	1187
6671	1188
8331	1189
7723	1190
1173	1191
2088	1192
1847	1193
6116	1194
9728	1195
3395	1196
41	1197
2093	1198
7623	1199
3863	1200
9574	1201
2624	1202
7229	1203
7350	1204
2971	1205
6745	1206
160	1207
404	1208
8304	1209
427	1210
8211	1211
2021	1212
2963	1213
2644	1214
1835	1215
2084	1216
897	1217
6817	1218
3243	1219
7294	1220
7699	1221
630	1222
7068	1223
4016	1224
8769	1225
7824	1226
8207	1227
8883	1228
8217	1229
8283	1230
7776	1231
9260	1232
9088	1233
412	1234
5005	1235
5860	1236
6554	1237
7376	1238
831	1239
539	1240
3674	1241
3209	1242
878	1243
5787	1244
964	1245
5457	1246
2465	1247
9533	1248
2998	1249
2131	1250
3822	1251
9287	1252
3351	1253
6358	1254
3977	1255
8463	1256
4345	1257
573	1258
7206	1259
3043	1260
3086	1261
3228	1262
7437	1263
2891	1264
7129	1265
1174	1266
202	1267
8404	1268
1821	1269
454	1270
244	1271
9732	1272
5445	1273
1969	1274
541	1275
4738	1276
3970	1277
1132	1278
1713	1279
1726	1280
1350	1281
3155	1282
7247	1283
4779	1284
3105	1285
7648	1286
7010	1287
1949	1288
372	1289
18	1290
3124	1291
306	1292
187	1293
7773	1294
7211	1295
7794	1296
9165	1297
4657	1298
6844	1299
866	1300
9749	1301
963	1302
728	1303
2196	1304
1031	1305
1021	1306
3172	1307
6862	1308
4103	1309
8916	1310
995	1311
9829	1312
5426	1313
599	1314
2213	1315
99	1316
7782	1317
1829	1318
4741	1319
7680	1320
4776	1321
1533	1322
5370	1323
4903	1324
4325	1325
8870	1326
1138	1327
4733	1328
6882	1329
7739	1330
7042	1331
2732	1332
1321	1333
5949	1334
6277	1335
7770	1336
2212	1337
1270	1338
860	1339
9177	1340
8635	1341
5601	1342
6887	1343
7296	1344
642	1345
9215	1346
114	1347
4958	1348
7676	1349
4266	1350
2730	1351
2714	1352
1497	1353
4763	1354
6094	1355
9375	1356
2109	1357
1091	1358
35	1359
4594	1360
5763	1361
8417	1362
8224	1363
7838	1364
3392	1365
4626	1366
6190	1367
8711	1368
4999	1369
5994	1370
5690	1371
3428	1372
7831	1373
4376	1374
7314	1375
6635	1376
7927	1377
9455	1378
742	1379
2759	1380
4668	1381
619	1382
117	1383
3928	1384
1246	1385
9534	1386
9101	1387
3107	1388
232	1389
7899	1390
9142	1391
706	1392
5309	1393
4829	1394
2748	1395
25	1396
4162	1397
5706	1398
5652	1399
9441	1400
1239	1401
5016	1402
551	1403
4613	1404
333	1405
1439	1406
4764	1407
1032	1408
5259	1409
7679	1410
6252	1411
8241	1412
3486	1413
1493	1414
4186	1415
3368	1416
1518	1417
9456	1418
9522	1419
8837	1420
2325	1421
6333	1422
2249	1423
5328	1424
9159	1425
8732	1426
9964	1427
6165	1428
8129	1429
3248	1430
24	1431
425	1432
7554	1433
2703	1434
6245	1435
8921	1436
9353	1437
6142	1438
8640	1439
8155	1440
5835	1441
2442	1442
1435	1443
4827	1444
1049	1445
2903	1446
7698	1447
1351	1448
3764	1449
8419	1450
9523	1451
5260	1452
5695	1453
9882	1454
4214	1455
4654	1456
3654	1457
2825	1458
5412	1459
803	1460
326	1461
4640	1462
5512	1463
378	1464
8365	1465
749	1466
5664	1467
8660	1468
6686	1469
6132	1470
3038	1471
3609	1472
7707	1473
9338	1474
3305	1475
2775	1476
8561	1477
5438	1478
5891	1479
7832	1480
5411	1481
4596	1482
4652	1483
7263	1484
1282	1485
6140	1486
4194	1487
5484	1488
9075	1489
2368	1490
6877	1491
1099	1492
7041	1493
693	1494
1243	1495
554	1496
6917	1497
7012	1498
7089	1499
5634	1500
3198	1501
7634	1502
4449	1503
6299	1504
81	1505
5398	1506
1238	1507
2680	1508
2025	1509
1370	1510
9062	1511
1001	1512
8442	1513
5622	1514
11	1515
6576	1516
8683	1517
8405	1518
8828	1519
1958	1520
4166	1521
1090	1522
8721	1523
7632	1524
8360	1525
7922	1526
6175	1527
4163	1528
3201	1529
3771	1530
9631	1531
6806	1532
8831	1533
8174	1534
6414	1535
5589	1536
6584	1537
440	1538
2329	1539
1925	1540
3474	1541
9630	1542
1520	1543
3954	1544
9268	1545
2826	1546
7836	1547
2270	1548
2137	1549
7174	1550
3153	1551
2953	1552
9969	1553
3979	1554
321	1555
4628	1556
2159	1557
2800	1558
2704	1559
4239	1560
1785	1561
8	1562
6766	1563
1653	1564
8421	1565
152	1566
2747	1567
8117	1568
852	1569
5243	1570
2496	1571
8170	1572
4388	1573
9048	1574
3398	1575
5981	1576
9690	1577
2383	1578
201	1579
6772	1580
5641	1581
3927	1582
7344	1583
9697	1584
2501	1585
233	1586
3023	1587
4184	1588
3469	1589
8545	1590
3578	1591
7614	1592
5368	1593
7404	1594
1207	1595
1457	1596
4135	1597
2455	1598
5546	1599
315	1600
8401	1601
9537	1602
4253	1603
21	1604
8034	1605
3216	1606
2619	1607
1741	1608
4872	1609
82	1610
5961	1611
410	1612
8443	1613
8317	1614
678	1615
7343	1616
239	1617
973	1618
1979	1619
227	1620
7626	1621
8275	1622
5647	1623
8716	1624
1577	1625
5205	1626
9959	1627
3586	1628
867	1629
8424	1630
1856	1631
2500	1632
1042	1633
9668	1634
8998	1635
6830	1636
8144	1637
7533	1638
9669	1639
2550	1640
4089	1641
9256	1642
2011	1643
4134	1644
549	1645
1539	1646
5446	1647
8575	1648
2272	1649
9107	1650
5625	1651
3623	1652
3287	1653
8574	1654
3969	1655
8520	1656
1086	1657
9348	1658
4295	1659
3953	1660
4909	1661
5026	1662
4887	1663
2388	1664
768	1665
7	1666
9638	1667
5444	1668
8760	1669
8337	1670
4873	1671
5779	1672
3533	1673
531	1674
8999	1675
7540	1676
5817	1677
3439	1678
441	1679
5261	1680
1083	1681
5271	1682
8766	1683
5467	1684
801	1685
915	1686
7406	1687
224	1688
9770	1689
2316	1690
3306	1691
3112	1692
7962	1693
6166	1694
8580	1695
2741	1696
3825	1697
4008	1698
3626	1699
9733	1700
1559	1701
5316	1702
9474	1703
6237	1704
813	1705
9255	1706
9103	1707
9968	1708
8631	1709
1685	1710
3910	1711
9858	1712
166	1713
6664	1714
2327	1715
3230	1716
1341	1717
8845	1718
7792	1719
5267	1720
7828	1721
608	1722
5970	1723
7617	1724
9209	1725
6495	1726
225	1727
3	1728
4380	1729
1801	1730
8694	1731
489	1732
2877	1733
5624	1734
7987	1735
1160	1736
3014	1737
2190	1738
6067	1739
7584	1740
6453	1741
4696	1742
8792	1743
8901	1744
2841	1745
999	1746
7704	1747
868	1748
5332	1749
5335	1750
6645	1751
4355	1752
465	1753
9017	1754
7323	1755
3483	1756
875	1757
1202	1758
8725	1759
9352	1760
9661	1761
6458	1762
6490	1763
7306	1764
7914	1765
7172	1766
4901	1767
5326	1768
9722	1769
9242	1770
1991	1771
2434	1772
826	1773
7805	1774
4944	1775
8020	1776
9801	1777
4925	1778
5124	1779
6228	1780
1631	1781
4347	1782
8343	1783
6820	1784
3959	1785
4974	1786
5678	1787
6141	1788
4289	1789
4661	1790
7908	1791
2242	1792
4517	1793
7819	1794
8498	1795
7137	1796
9453	1797
4719	1798
3877	1799
7696	1800
1865	1801
4224	1802
1447	1803
9626	1804
8898	1805
9247	1806
970	1807
3778	1808
6	1809
6597	1810
657	1811
987	1812
3911	1813
9799	1814
339	1815
9544	1816
9005	1817
4139	1818
4788	1819
6407	1820
1735	1821
816	1822
3061	1823
5844	1824
1437	1825
3494	1826
2596	1827
1489	1828
6040	1829
394	1830
8830	1831
2205	1832
2556	1833
7225	1834
4368	1835
7672	1836
5096	1837
5149	1838
536	1839
9480	1840
5833	1841
879	1842
800	1843
9565	1844
8044	1845
6655	1846
7861	1847
2871	1848
1342	1849
5944	1850
5935	1851
5333	1852
3909	1853
6176	1854
247	1855
847	1856
9414	1857
3162	1858
3513	1859
6826	1860
700	1861
2658	1862
4751	1863
881	1864
7198	1865
7796	1866
9651	1867
3404	1868
183	1869
2777	1870
5187	1871
450	1872
769	1873
8934	1874
9193	1875
756	1876
2515	1877
9283	1878
6678	1879
5054	1880
4986	1881
2110	1882
9015	1883
8542	1884
4336	1885
8311	1886
837	1887
2663	1888
6849	1889
1608	1890
1869	1891
8687	1892
9432	1893
6788	1894
9698	1895
2855	1896
2145	1897
3461	1898
6979	1899
3294	1900
5783	1901
6368	1902
4383	1903
2529	1904
5743	1905
1677	1906
5252	1907
4985	1908
9724	1909
8007	1910
9556	1911
2686	1912
7346	1913
5107	1914
4276	1915
5310	1916
9761	1917
8350	1918
9321	1919
5941	1920
1383	1921
4414	1922
2994	1923
2332	1924
229	1925
8922	1926
3285	1927
2222	1928
2524	1929
5435	1930
4129	1931
3603	1932
8390	1933
6909	1934
8436	1935
8329	1936
5560	1937
6266	1938
6508	1939
8171	1940
2981	1941
5371	1942
7156	1943
9487	1944
1289	1945
8212	1946
7997	1947
5553	1948
9401	1949
1353	1950
8233	1951
2285	1952
2022	1953
3815	1954
6477	1955
5041	1956
5166	1957
7827	1958
7803	1959
8703	1960
3922	1961
9442	1962
7602	1963
1345	1964
544	1965
8262	1966
4344	1967
8762	1968
9752	1969
2664	1970
2754	1971
4833	1972
7694	1973
4208	1974
4302	1975
1945	1976
7510	1977
5878	1978
7490	1979
9011	1980
443	1981
6412	1982
9582	1983
9112	1984
6170	1985
8192	1986
8740	1987
1981	1988
6997	1989
8091	1990
7138	1991
4313	1992
1210	1993
4318	1994
4393	1995
8492	1996
4826	1997
4607	1998
8301	1999
9254	2000
612	2001
8958	2002
9890	2003
5324	2004
7880	2005
1008	2006
898	2007
7026	2008
44	2009
4857	2010
1284	2011
9670	2012
7593	2013
9645	2014
1966	2015
5853	2016
8738	2017
1123	2018
3963	2019
6421	2020
33	2021
4870	2022
8778	2023
8397	2024
3394	2025
1625	2026
1386	2027
4682	2028
3059	2029
5101	2030
3410	2031
3673	2032
47	2033
6056	2034
9035	2035
6303	2036
9009	2037
9692	2038
2581	2039
4307	2040
5595	2041
9625	2042
284	2043
8191	2044
272	2045
6192	2046
9572	2047
1044	2048
5495	2049
4254	2050
3224	2051
6020	2052
2138	2053
9914	2054
213	2055
8077	2056
6435	2057
3114	2058
140	2059
9919	2060
4424	2061
9097	2062
5427	2063
8322	2064
3493	2065
2178	2066
5530	2067
6821	2068
7538	2069
5084	2070
3354	2071
3386	2072
6652	2073
9902	2074
9310	2075
1527	2076
7169	2077
5379	2078
5127	2079
1764	2080
5662	2081
7795	2082
3048	2083
4327	2084
9634	2085
2462	2086
1693	2087
7069	2088
9178	2089
6433	2090
1711	2091
8953	2092
2611	2093
6286	2094
8987	2095
779	2096
7732	2097
5019	2098
6381	2099
6787	2100
9036	2101
1903	2102
5896	2103
9257	2104
2134	2105
8936	2106
3199	2107
2127	2108
7580	2109
8263	2110
7854	2111
2547	2112
6427	2113
876	2114
2334	2115
4170	2116
3414	2117
7374	2118
421	2119
9	2120
9128	2121
5106	2122
3373	2123
6818	2124
499	2125
943	2126
7484	2127
6670	2128
1338	2129
7190	2130
4124	2131
6804	2132
4923	2133
5738	2134
667	2135
7171	2136
9340	2137
9052	2138
691	2139
8213	2140
14	2141
8214	2142
3020	2143
7690	2144
3643	2145
6077	2146
796	2147
6243	2148
8205	2149
9258	2150
3883	2151
9424	2152
3664	2153
9044	2154
48	2155
8010	2156
3762	2157
5430	2158
6233	2159
1880	2160
4663	2161
9805	2162
4528	2163
5321	2164
6812	2165
9513	2166
5642	2167
6644	2168
5225	2169
6958	2170
7187	2171
7201	2172
2240	2173
2342	2174
4972	2175
5470	2176
6136	2177
3784	2178
5318	2179
251	2180
1545	2181
5768	2182
3511	2183
9649	2184
6921	2185
4902	2186
3616	2187
1398	2188
6186	2189
9476	2190
8832	2191
5090	2192
3557	2193
9115	2194
3047	2195
1449	2196
5638	2197
5280	2198
3836	2199
7270	2200
5171	2201
4123	2202
3467	2203
5915	2204
6688	2205
4353	2206
6291	2207
5766	2208
6783	2209
3590	2210
3169	2211
9880	2212
8388	2213
6679	2214
7368	2215
2225	2216
5306	2217
6423	2218
6517	2219
7167	2220
485	2221
1004	2222
1799	2223
3668	2224
2425	2225
2972	2226
2290	2227
8568	2228
8911	2229
3254	2230
3866	2231
9492	2232
8548	2233
7439	2234
8059	2235
552	2236
7082	2237
8073	2238
3958	2239
7942	2240
3837	2241
4359	2242
9845	2243
5769	2244
665	2245
3383	2246
2807	2247
6337	2248
5791	2249
1432	2250
7982	2251
6851	2252
1686	2253
3159	2254
9618	2255
1285	2256
6754	2257
6001	2258
4483	2259
5172	2260
2538	2261
5826	2262
4669	2263
7083	2264
9908	2265
4447	2266
5993	2267
3466	2268
9750	2269
13	2270
3967	2271
344	2272
4623	2273
7839	2274
1176	2275
3541	2276
295	2277
3683	2278
8488	2279
5728	2280
7934	2281
3011	2282
7779	2283
6782	2284
3245	2285
5798	2286
2106	2287
3336	2288
789	2289
7590	2290
2887	2291
6015	2292
786	2293
4600	2294
4501	2295
4055	2296
3244	2297
7718	2298
5886	2299
7675	2300
671	2301
8680	2302
1882	2303
9377	2304
4610	2305
6852	2306
198	2307
1883	2308
2504	2309
455	2310
7526	2311
2191	2312
6044	2313
3332	2314
1897	2315
1186	2316
7489	2317
9055	2318
1560	2319
8509	2320
9108	2321
3295	2322
9384	2323
8029	2324
7349	2325
20	2326
7826	2327
5799	2328
4523	2329
4074	2330
4634	2331
8288	2332
7102	2333
1976	2334
6216	2335
298	2336
4356	2337
462	2338
7461	2339
6721	2340
722	2341
4697	2342
2403	2343
7844	2344
2585	2345
982	2346
1331	2347
7367	2348
4790	2349
6223	2350
8627	2351
9653	2352
3816	2353
3081	2354
7843	2355
6892	2356
3277	2357
8374	2358
2616	2359
9205	2360
1683	2361
9628	2362
4473	2363
4533	2364
2410	2365
4662	2366
1612	2367
3705	2368
5929	2369
5708	2370
7416	2371
3376	2372
5025	2373
8098	2374
2523	2375
5464	2376
1918	2377
8400	2378
6279	2379
888	2380
5418	2381
6139	2382
4364	2383
4739	2384
7405	2385
8800	2386
3078	2387
9552	2388
5471	2389
4235	2390
8589	2391
5486	2392
316	2393
5228	2394
3090	2395
2693	2396
9364	2397
6503	2398
1323	2399
9558	2400
5975	2401
9591	2402
176	2403
7585	2404
4884	2405
946	2406
6012	2407
951	2408
5792	2409
9398	2410
2883	2411
7709	2412
590	2413
9400	2414
2276	2415
3165	2416
5207	2417
2020	2418
23	2419
1234	2420
3968	2421
3035	2422
1557	2423
5716	2424
3652	2425
3509	2426
3559	2427
9603	2428
6208	2429
5821	2430
3093	2431
9279	2432
3952	2433
3735	2434
7148	2435
8060	2436
9129	2437
6819	2438
9411	2439
5443	2440
4173	2441
5304	2442
2374	2443
2517	2444
7496	2445
4812	2446
1139	2447
3451	2448
7926	2449
8756	2450
3561	2451
7243	2452
7074	2453
4997	2454
2654	2455
9911	2456
792	2457
6871	2458
8517	2459
9304	2460
7527	2461
2736	2462
745	2463
8849	2464
6936	2465
1182	2466
7882	2467
2466	2468
1929	2469
1068	2470
8764	2471
3859	2472
438	2473
206	2474
3984	2475
8197	2476
977	2477
2666	2478
6883	2479
8435	2480
7094	2481
7742	2482
6829	2483
5928	2484
7166	2485
7856	2486
7809	2487
5618	2488
2091	2489
9192	2490
4078	2491
8705	2492
3917	2493
932	2494
9715	2495
1752	2496
3156	2497
6300	2498
408	2499
413	2500
8047	2501
7968	2502
7938	2503
2633	2504
5348	2505
5646	2506
6120	2507
6385	2508
9946	2509
9137	2510
7333	2511
4963	2512
2565	2513
5349	2514
1262	2515
2636	2516
4817	2517
8843	2518
7337	2519
9848	2520
4534	2521
3633	2522
6736	2523
3013	2524
4804	2525
1853	2526
367	2527
6498	2528
1048	2529
2671	2530
7121	2531
3418	2532
3685	2533
8630	2534
4179	2535
5049	2536
3497	2537
7892	2538
4172	2539
43	2540
1868	2541
1249	2542
4282	2543
9459	2544
9736	2545
396	2546
9944	2547
2973	2548
4957	2549
9056	2550
7848	2551
3194	2552
4444	2553
3069	2554
2464	2555
253	2556
2977	2557
890	2558
2506	2559
5645	2560
9530	2561
9216	2562
1214	2563
7005	2564
1007	2565
8723	2566
9450	2567
9228	2568
1226	2569
1629	2570
6151	2571
9933	2572
1409	2573
7046	2574
762	2575
4570	2576
6963	2577
1251	2578
891	2579
214	2580
6904	2581
9865	2582
9281	2583
8734	2584
1143	2585
1904	2586
490	2587
5870	2588
8802	2589
5155	2590
2117	2591
7668	2592
424	2593
2979	2594
5287	2595
3727	2596
5538	2597
5099	2598
4705	2599
1095	2600
4217	2601
8966	2602
8856	2603
5156	2604
469	2605
8624	2606
3985	2607
1442	2608
4955	2609
6265	2610
521	2611
6715	2612
2412	2613
5887	2614
2803	2615
2149	2616
7646	2617
869	2618
4274	2619
3701	2620
2896	2621
1399	2622
9131	2623
3721	2624
7711	2625
2840	2626
6225	2627
4374	2628
5913	2629
2024	2630
9423	2631
827	2632
8015	2633
6086	2634
2241	2635
1542	2636
7641	2637
4922	2638
8967	2639
19	2640
5790	2641
3281	2642
7890	2643
58	2644
7534	2645
7572	2646
8618	2647
8644	2648
5516	2649
2056	2650
7519	2651
6514	2652
217	2653
3672	2654
4101	2655
4342	2656
7939	2657
7284	2658
1977	2659
2962	2660
3176	2661
7291	2662
1756	2663
5648	2664
920	2665
7136	2666
3411	2667
904	2668
1418	2669
1245	2670
5462	2671
5085	2672
3452	2673
9823	2674
3805	2675
6145	2676
3128	2677
8765	2678
3323	2679
5694	2680
6298	2681
7775	2682
6996	2683
2192	2684
4803	2685
6492	2686
4760	2687
4006	2688
9457	2689
6061	2690
4844	2691
4567	2692
9808	2693
1423	2694
5665	2695
952	2696
8896	2697
5362	2698
6621	2699
6002	2700
5284	2701
520	2702
7993	2703
203	2704
9068	2705
5174	2706
6191	2707
6320	2708
5890	2709
673	2710
9435	2711
5707	2712
5995	2713
2123	2714
5080	2715
9606	2716
6253	2717
3651	2718
5884	2719
9355	2720
1259	2721
8307	2722
8302	2723
1754	2724
730	2725
1769	2726
2239	2727
5698	2728
8465	2729
3939	2730
6258	2731
937	2732
4341	2733
5749	2734
2728	2735
7210	2736
8546	2737
6556	2738
1915	2739
9000	2740
7398	2741
8237	2742
9213	2743
1948	2744
1267	2745
4398	2746
30	2747
7339	2748
8384	2749
7972	2750
1477	2751
3049	2752
9315	2753
341	2754
3266	2755
638	2756
4450	2757
6520	2758
2915	2759
4496	2760
8519	2761
1960	2762
6449	2763
5861	2764
3591	2765
357	2766
3300	2767
6441	2768
8019	2769
8503	2770
3319	2771
7768	2772
1390	2773
4718	2774
218	2775
4732	2776
3996	2777
1691	2778
6987	2779
2170	2780
1532	2781
7271	2782
6982	2783
9774	2784
5909	2785
307	2786
3337	2787
9039	2788
1688	2789
4574	2790
4627	2791
2751	2792
900	2793
6075	2794
6992	2795
7521	2796
4752	2797
8554	2798
9358	2799
6627	2800
1404	2801
3423	2802
7407	2803
7729	2804
6493	2805
6447	2806
9359	2807
9445	2808
500	2809
5009	2810
4638	2811
2198	2812
9405	2813
6957	2814
3517	2815
4230	2816
3134	2817
2541	2818
5813	2819
6083	2820
4460	2821
2384	2822
5747	2823
5381	2824
78	2825
3987	2826
7559	2827
7628	2828
3160	2829
3363	2830
8476	2831
4749	2832
9695	2833
9184	2834
7609	2835
5534	2836
353	2837
3193	2838
8341	2839
8962	2840
1813	2841
1134	2842
4076	2843
6722	2844
9509	2845
1642	2846
9512	2847
8932	2848
8537	2849
4601	2850
2348	2851
7688	2852
7055	2853
2568	2854
3478	2855
7442	2856
5758	2857
498	2858
5705	2859
1736	2860
2492	2861
9500	2862
9681	2863
5039	2864
7092	2865
1329	2866
924	2867
8100	2868
7640	2869
2707	2870
182	2871
4267	2872
5548	2873
9637	2874
4532	2875
6352	2876
6791	2877
2101	2878
1950	2879
4875	2880
8255	2881
4877	2882
2958	2883
8876	2884
3838	2885
5285	2886
8609	2887
9816	2888
255	2889
5283	2890
4000	2891
1706	2892
7245	2893
886	2894
6828	2895
5305	2896
2126	2897
314	2898
2832	2899
6941	2900
8862	2901
1633	2902
9607	2903
5434	2904
280	2905
9420	2906
7940	2907
7651	2908
1936	2909
7153	2910
1136	2911
9169	2912
6786	2913
7722	2914
2453	2915
4624	2916
7449	2917
4068	2918
8547	2919
8524	2920
4482	2921
8956	2922
9202	2923
7570	2924
1939	2925
4507	2926
6463	2927
5161	2928
6388	2929
8306	2930
3501	2931
4126	2932
3686	2933
42	2934
6932	2935
171	2936
6466	2937
8244	2938
6617	2939
5563	2940
3862	2941
3749	2942
7351	2943
3256	2944
2875	2945
8466	2946
5740	2947
2324	2948
8504	2949
7589	2950
9773	2951
2086	2952
1809	2953
7057	2954
5606	2955
3140	2956
3992	2957
759	2958
3202	2959
4885	2960
3753	2961
1725	2962
3152	2963
2651	2964
5854	2965
2261	2966
1889	2967
5865	2968
4539	2969
9092	2970
7727	2971
1803	2972
6271	2973
3369	2974
6967	2975
6197	2976
9477	2977
4823	2978
9299	2979
4206	2980
6168	2981
7478	2982
1751	2983
6461	2984
7740	2985
3084	2986
9132	2987
3118	2988
6539	2989
4641	2990
3876	2991
7141	2992
6785	2993
1951	2994
8356	2995
5331	2996
8298	2997
2401	2998
8798	2999
3301	3000
6667	3001
6763	3002
6704	3003
814	3004
4505	3005
4549	3006
8939	3007
731	3008
6706	3009
3854	3010
9739	3011
7760	3012
5477	3013
1573	3014
4836	3015
8903	3016
9034	3017
8613	3018
5215	3019
3627	3020
840	3021
4360	3022
128	3023
3829	3024
6690	3025
7518	3026
7088	3027
2988	3028
4560	3029
6403	3030
2960	3031
3279	3032
9547	3033
1812	3034
8927	3035
4009	3036
6682	3037
3022	3038
5895	3039
1102	3040
359	3041
3943	3042
4814	3043
2573	3044
4114	3045
930	3046
5350	3047
3344	3048
7801	3049
173	3050
9388	3051
3718	3052
2701	3053
4843	3054
6357	3055
8377	3056
4998	3057
1425	3058
1743	3059
9517	3060
3630	3061
8793	3062
8128	3063
2725	3064
5329	3065
6078	3066
7238	3067
6392	3068
2431	3069
907	3070
7322	3071
6187	3072
8806	3073
1780	3074
7017	3075
6102	3076
4969	3077
610	3078
7195	3079
4125	3080
5564	3081
8807	3082
2546	3083
8563	3084
8940	3085
310	3086
7693	3087
4637	3088
8757	3089
2792	3090
6417	3091
193	3092
1588	3093
1472	3094
6752	3095
7728	3096
3842	3097
5199	3098
6929	3099
1303	3100
5946	3101
3238	3102
9395	3103
8408	3104
5433	3105
4205	3106
6246	3107
5386	3108
7348	3109
3689	3110
7182	3111
6900	3112
4522	3113
6059	3114
1921	3115
8599	3116
1866	3117
3010	3118
5226	3119
7319	3120
4285	3121
8067	3122
8607	3123
9342	3124
7621	3125
5255	3126
9806	3127
5836	3128
6196	3129
3207	3130
6386	3131
8046	3132
5689	3133
4373	3134
883	3135
4630	3136
1104	3137
5937	3138
4312	3139
5092	3140
2561	3141
7898	3142
7328	3143
9226	3144
7354	3145
6641	3146
7683	3147
2095	3148
8935	3149
1481	3150
8676	3151
3929	3152
1313	3153
5209	3154
5797	3155
174	3156
7610	3157
2164	3158
5133	3159
7487	3160
2885	3161
1406	3162
1702	3163
1368	3164
5067	3165
3895	3166
8165	3167
4121	3168
4874	3169
2446	3170
3938	3171
1923	3172
3597	3173
5554	3174
5104	3175
9832	3176
7759	3177
3125	3178
5203	3179
804	3180
1928	3181
1328	3182
7116	3183
2862	3184
3437	3185
7524	3186
22	3187
3393	3188
6800	3189
9541	3190
5051	3191
1694	3192
9918	3193
5700	3194
914	3195
3546	3196
5947	3197
2574	3198
1563	3199
1678	3200
1500	3201
7020	3202
4914	3203
4021	3204
6219	3205
8143	3206
5095	3207
4650	3208
677	3209
3980	3210
2860	3211
6248	3212
5976	3213
7875	3214
9133	3215
5387	3216
8978	3217
2653	3218
6261	3219
4148	3220
632	3221
3793	3222
2473	3223
8043	3224
5533	3225
2112	3226
2376	3227
979	3228
7336	3229
7250	3230
8008	3231
4581	3232
4048	3233
2938	3234
7607	3235
4330	3236
805	3237
6640	3238
1656	3239
771	3240
279	3241
3235	3242
6535	3243
6774	3244
1247	3245
5989	3246
7240	3247
3490	3248
704	3249
8887	3250
2870	3251
2521	3252
6273	3253
8842	3254
5058	3255
358	3256
8168	3257
6573	3258
6263	3259
8396	3260
9811	3261
4293	3262
9425	3263
4328	3264
3584	3265
8822	3266
1184	3267
7097	3268
8013	3269
7780	3270
9188	3271
588	3272
6052	3273
7223	3274
4451	3275
3436	3276
3104	3277
8188	3278
8490	3279
1767	3280
8530	3281
5151	3282
7234	3283
8062	3284
9194	3285
4576	3286
4674	3287
2208	3288
5183	3289
6465	3290
90	3291
6512	3292
4774	3293
7124	3294
2618	3295
8598	3296
1225	3297
2557	3298
9701	3299
4304	3300
519	3301
8863	3302
5931	3303
4639	3304
4792	3305
5699	3306
5383	3307
8325	3308
7556	3309
1413	3310
8204	3311
5639	3312
9632	3313
2743	3314
9288	3315
8102	3316
6983	3317
5715	3318
9561	3319
6323	3320
925	3321
2406	3322
3443	3323
9685	3324
1995	3325
6398	3326
6548	3327
4320	3328
7438	3329
8633	3330
2530	3331
5018	3332
6570	3333
9932	3334
322	3335
9224	3336
1674	3337
2867	3338
9904	3339
1228	3340
8025	3341
4255	3342
8814	3343
732	3344
6609	3345
9870	3346
8057	3347
7251	3348
7293	3349
513	3350
525	3351
8472	3352
2313	3353
6622	3354
7181	3355
6319	3356
8562	3357
9002	3358
6796	3359
1852	3360
7130	3361
5767	3362
1940	3363
3017	3364
8817	3365
7392	3366
3906	3367
472	3368
2229	3369
8464	3370
5879	3371
7512	3372
9426	3373
3274	3374
3028	3375
2578	3376
2248	3377
2691	3378
5744	3379
4831	3380
9901	3381
3745	3382
5714	3383
6169	3384
9891	3385
6143	3386
3138	3387
9658	3388
2900	3389
7457	3390
5356	3391
1222	3392
9753	3393
7853	3394
1848	3395
1789	3396
6510	3397
9570	3398
559	3399
4399	3400
8030	3401
383	3402
1574	3403
431	3404
7390	3405
329	3406
3304	3407
6868	3408
2142	3409
1777	3410
9585	3411
7981	3412
3340	3413
9952	3414
4971	3415
4605	3416
8173	3417
4178	3418
1830	3419
6743	3420
3515	3421
6889	3422
8536	3423
319	3424
5458	3425
1601	3426
4369	3427
8559	3428
6123	3429
9045	3430
5135	3431
167	3432
9357	3433
3170	3434
512	3435
8284	3436
6863	3437
6915	3438
8595	3439
2894	3440
5637	3441
2023	3442
2607	3443
5910	3444
1240	3445
126	3446
4251	3447
1450	3448
2135	3449
2359	3450
651	3451
3397	3452
4794	3453
5900	3454
1431	3455
6025	3456
8366	3457
2006	3458
2620	3459
6502	3460
2897	3461
8220	3462
7244	3463
483	3464
4176	3465
2312	3466
524	3467
8361	3468
7324	3469
3874	3470
15	3471
8912	3472
9087	3473
8636	3474
7886	3475
5796	3476
2253	3477
8923	3478
8267	3479
6562	3480
1444	3481
9004	3482
1344	3483
9433	3484
8692	3485
5849	3486
1419	3487
3810	3488
2655	3489
2766	3490
8232	3491
2765	3492
3993	3493
4991	3494
7575	3495
5893	3496
4811	3497
5319	3498
5883	3499
6587	3500
110	3501
7320	3502
566	3503
8865	3504
1295	3505
1427	3506
3080	3507
518	3508
221	3509
9566	3510
5068	3511
1723	3512
4379	3513
5396	3514
4538	3515
5071	3516
7815	3517
6322	3518
9765	3519
7219	3520
1232	3521
226	3522
2768	3523
2214	3524
7983	3525
9319	3526
911	3527
7072	3528
6606	3529
192	3530
3921	3531
9611	3532
9789	3533
7733	3534
2921	3535
2200	3536
767	3537
7505	3538
9481	3539
209	3540
1618	3541
5053	3542
3620	3543
2630	3544
3039	3545
4491	3546
931	3547
8200	3548
8138	3549
625	3550
9493	3551
8235	3552
9261	3553
7738	3554
747	3555
7912	3556
5364	3557
4100	3558
9963	3559
4709	3560
4071	3561
4597	3562
3496	3563
7949	3564
4111	3565
9125	3566
7451	3567
8189	3568
8879	3569
4386	3570
1156	3571
4860	3572
9245	3573
9326	3574
974	3575
7564	3576
8864	3577
2100	3578
4132	3579
1581	3580
9756	3581
2143	3582
2512	3583
4044	3584
2772	3585
2525	3586
8487	3587
2881	3588
32	3589
7362	3590
2049	3591
281	3592
2001	3593
2912	3594
7655	3595
463	3596
5480	3597
1531	3598
775	3599
820	3600
9900	3601
6018	3602
5392	3603
1152	3604
9091	3605
337	3606
5100	3607
7603	3608
2526	3609
3002	3610
5556	3611
9232	3612
8810	3613
3372	3614
154	3615
1271	3616
8163	3617
6278	3618
80	3619
1611	3620
6696	3621
1361	3622
3167	3623
7933	3624
2488	3625
5474	3626
1715	3627
3649	3628
9335	3629
2369	3630
3358	3631
8130	3632
7837	3633
4262	3634
5757	3635
1908	3636
5718	3637
7152	3638
6351	3639
4441	3640
5660	3641
8002	3642
5481	3643
9324	3644
2333	3645
2259	3646
1850	3647
7421	3648
8193	3649
4775	3650
6610	3651
7018	3652
9502	3653
9227	3654
9343	3655
2552	3656
846	3657
5213	3658
9706	3659
6450	3660
8886	3661
2634	3662
6369	3663
7889	3664
7391	3665
9623	3666
5290	3667
9525	3668
1638	3669
6227	3670
2136	3671
736	3672
7366	3673
6501	3674
6079	3675
2669	3676
403	3677
8291	3678
2360	3679
4918	3680
8890	3681
368	3682
6249	3683
6762	3684
7004	3685
8665	3686
7717	3687
1845	3688
9869	3689
8106	3690
1972	3691
861	3692
3055	3693
8661	3694
4073	3695
6630	3696
5955	3697
5518	3698
4316	3699
3292	3700
7691	3701
6353	3702
6618	3703
8022	3704
9351	3705
5843	3706
3147	3707
2910	3708
7105	3709
5921	3710
2495	3711
2	3712
5301	3713
7954	3714
9888	3715
1229	3716
9379	3717
9099	3718
8471	3719
5780	3720
5246	3721
9948	3722
6890	3723
3040	3724
8357	3725
4671	3726
1217	3727
1605	3728
4065	3729
2402	3730
9812	3731
5525	3732
8394	3733
8611	3734
9521	3735
2139	3736
3741	3737
1047	3738
9399	3739
9495	3740
6401	3741
7494	3742
1654	3743
9179	3744
1586	3745
1244	3746
4343	3747
4248	3748
6336	3749
3896	3750
3257	3751
7985	3752
2098	3753
6016	3754
3972	3755
5924	3756
4429	3757
2713	3758
7002	3759
5178	3760
3415	3761
4209	3762
6803	3763
6160	3764
1111	3765
7363	3766
2176	3767
2226	3768
8590	3769
6527	3770
6231	3771
6777	3772
7913	3773
4363	3774
4864	3775
680	3776
1318	3777
1488	3778
1893	3779
1483	3780
2774	3781
5697	3782
4737	3783
5118	3784
9838	3785
8592	3786
9199	3787
3912	3788
4768	3789
7953	3790
54	3791
4362	3792
7151	3793
1299	3794
8198	3795
2790	3796
4975	3797
712	3798
4754	3799
6476	3800
754	3801
1806	3802
2631	3803
3750	3804
4088	3805
1792	3806
6937	3807
9158	3808
6661	3809
3551	3810
1732	3811
8038	3812
8770	3813
3057	3814
9155	3815
6429	3816
7447	3817
9714	3818
1233	3819
8313	3820
8058	3821
9320	3822
7812	3823
4744	3824
8826	3825
4300	3826
4690	3827
6030	3828
7611	3829
2589	3830
628	3831
9909	3832
3903	3833
2909	3834
1227	3835
9124	3836
9576	3837
2260	3838
8169	3839
3786	3840
3834	3841
849	3842
6478	3843
4947	3844
3571	3845
8260	3846
5984	3847
3905	3848
4571	3849
8541	3850
2301	3851
3807	3852
7067	3853
6592	3854
9157	3855
9234	3856
7673	3857
1886	3858
8299	3859
9208	3860
833	3861
8312	3862
6335	3863
9663	3864
7	3865
7282	3866
8216	3867
6793	3868
4728	3869
1840	3870
9643	3871
8584	3872
4463	3873
4059	3874
2338	3875
6304	3876
563	3877
1393	3878
3450	3879
5511	3880
624	3881
7960	3882
6340	3883
3103	3884
9120	3885
4011	3886
9571	3887
1952	3888
7468	3889
6518	3890
376	3891
332	3892
8775	3893
2393	3894
8403	3895
2532	3896
9409	3897
7364	3898
4072	3899
2758	3900
656	3901
7417	3902
7948	3903
6867	3904
5613	3905
2317	3906
5182	3907
7317	3908
7375	3909
7221	3910
6100	3911
5153	3912
8989	3913
530	3914
8335	3915
8954	3916
3208	3917
3550	3918
3435	3919
9482	3920
5422	3921
25	3922
399	3923
5526	3924
407	3925
5684	3926
3101	3927
5425	3928
9672	3929
1530	3930
8418	3931
9884	3932
1255	3933
9387	3934
7661	3935
6173	3936
2150	3937
1330	3938
5154	3939
5029	3940
6113	3941
5940	3942
8467	3943
9460	3944
4615	3945
6290	3946
6780	3947
3902	3948
1670	3949
2924	3950
73	3951
3670	3952
1052	3953
3464	3954
3111	3955
3884	3956
4502	3957
2787	3958
3688	3959
822	3960
8351	3961
9627	3962
3000	3963
1561	3964
8963	3965
7710	3966
1119	3967
7287	3968
4083	3969
9356	3970
8657	3971
1395	3972
6440	3973
6836	3974
9846	3975
1824	3976
3856	3977
6552	3978
1040	3979
633	3980
6919	3981
9641	3982
6910	3983
8974	3984
4233	3985
3645	3986
2733	3987
2527	3988
6853	3989
3445	3990
4290	3991
903	3992
4040	3993
4672	3994
1664	3995
2428	3996
3730	3997
4743	3998
2341	3999
1253	4000
2543	4001
6259	4002
6846	4003
9136	4004
8005	4005
4929	4006
1729	4007
3168	4008
2745	4009
237	4010
4085	4011
8944	4012
3413	4013
3622	4014
6551	4015
6530	4016
2810	4017
6339	4018
5953	4019
8996	4020
3570	4021
5188	4022
5192	4023
1022	4024
5377	4025
4108	4026
1171	4027
7820	4028
2433	4029
8236	4030
4881	4031
4323	4032
1881	4033
5091	4034
3174	4035
6146	4036
2786	4037
9803	4038
9437	4039
1275	4040
7162	4041
2688	4042
9747	4043
8333	4044
8024	4045
3484	4046
9679	4047
1827	4048
658	4049
984	4050
2659	4051
8984	4052
6172	4053
1165	4054
8209	4055
3900	4056
2482	4057
88	4058
9592	4059
8422	4060
6428	4061
777	4062
3549	4063
9605	4064
4995	4065
4167	4066
1817	4067
9792	4068
1140	4069
3388	4070
5535	4071
1308	4072
8526	4073
5753	4074
8698	4075
7372	4076
3931	4077
5973	4078
5274	4079
3052	4080
3210	4081
5038	4082
3477	4083
9121	4084
3553	4085
9529	4086
8083	4087
1241	4088
9187	4089
8786	4090
7863	4091
6181	4092
5539	4093
6735	4094
7389	4095
2362	4096
4092	4097
1511	4098
7598	4099
1832	4100
1135	4101
3026	4102
7917	4103
2930	4104
9642	4105
8773	4106
591	4107
7724	4108
3079	4109
1987	4110
802	4111
7799	4112
355	4113
3005	4114
7192	4115
7998	4116
4227	4117
7587	4118
7719	4119
1352	4120
4785	4121
4961	4122
5223	4123
3123	4124
5180	4125
2502	4126
7986	4127
6504	4128
2441	4129
8437	4130
4043	4131
3898	4132
6210	4133
4	4134
8118	4135
9707	4136
9956	4137
3314	4138
9289	4139
790	4140
7228	4141
271	4142
7513	4143
9779	4144
4133	4145
4409	4146
1572	4147
5291	4148
204	4149
8462	4150
9604	4151
6069	4152
587	4153
9877	4154
6480	4155
6927	4156
3873	4157
2951	4158
4835	4159
3185	4160
9211	4161
2204	4162
8080	4163
2162	4164
1499	4165
4138	4166
5089	4167
2389	4168
1479	4169
2299	4170
7272	4171
1953	4172
629	4173
8346	4174
4910	4175
6260	4176
6270	4177
2381	4178
8981	4179
5395	4180
2354	4181
4082	4182
6672	4183
8161	4184
842	4185
9422	4186
6482	4187
2665	4188
9322	4189
5330	4190
9168	4191
7075	4192
8086	4193
4317	4194
3841	4195
2737	4196
4509	4197
2959	4198
2942	4199
5803	4200
9554	4201
7552	4202
1598	4203
9833	4204
4582	4205
2220	4206
8695	4207
2598	4208
7855	4209
3988	4210
4980	4211
7356	4212
7191	4213
1937	4214
7881	4215
6297	4216
5415	4217
5709	4218
1569	4219
9949	4220
2702	4221
5654	4222
1137	4223
6962	4224
7708	4225
7235	4226
9581	4227
4772	4228
5014	4229
1367	4230
7427	4231
4487	4232
3122	4233
4686	4234
1175	4235
451	4236
1941	4237
2318	4238
2153	4239
9835	4240
5239	4241
3184	4242
1901	4243
770	4244
350	4245
3516	4246
414	4247
8872	4248
3031	4249
9154	4250
2954	4251
6376	4252
7446	4253
3555	4254
6366	4255
928	4256
4481	4257
2697	4258
7952	4259
7845	4260
6975	4261
3430	4262
8790	4263
1873	4264
3865	4265
6326	4266
6571	4267
2399	4268
4053	4269
4001	4270
8685	4271
9090	4272
1639	4273
2695	4274
5479	4275
2811	4276
3531	4277
7273	4278
1942	4279
2597	4280
3795	4281
4445	4282
2096	4283
1487	4284
3310	4285
4643	4286
558	4287
7412	4288
6602	4289
6605	4290
6899	4291
5775	4292
6574	4293
7562	4294
640	4295
5339	4296
3840	4297
572	4298
3662	4299
3149	4300
8655	4301
7781	4302
807	4303
2015	4304
1778	4305
2804	4306
4562	4307
8679	4308
3003	4309
9876	4310
473	4311
9511	4312
3326	4313
1485	4314
8353	4315
663	4316
3646	4317
4461	4318
6124	4319
6729	4320
2939	4321
5338	4322
4757	4323
7028	4324
4758	4325
6549	4326
5119	4327
2320	4328
2203	4329
7112	4330
5593	4331
2818	4332
4636	4333
8300	4334
994	4335
3994	4336
1659	4337
1541	4338
7064	4339
1388	4340
2078	4341
2486	4342
5702	4343
3095	4344
3421	4345
6355	4346
2564	4347
2422	4348
4036	4349
7261	4350
5417	4351
3025	4352
7342	4353
4265	4354
9794	4355
4141	4356
3151	4357
5056	4358
1894	4359
1080	4360
8551	4361
514	4362
5943	4363
7810	4364
8376	4365
2009	4366
3835	4367
720	4368
9084	4369
79	4370
1076	4371
5942	4372
8115	4373
3510	4374
4687	4375
7199	4376
3820	4377
3639	4378
8674	4379
3488	4380
3545	4381
8946	4382
8788	4383
5491	4384
3520	4385
1051	4386
6268	4387
2987	4388
7678	4389
8892	4390
4670	4391
7164	4392
5334	4393
9709	4394
1026	4395
6457	4396
7941	4397
5630	4398
6048	4399
8746	4400
3178	4401
7482	4402
1384	4403
5754	4404
9675	4405
6500	4406
5485	4407
9163	4408
7481	4409
5249	4410
445	4411
9851	4412
6833	4413
3907	4414
8428	4415
1096	4416
1657	4417
8243	4418
4412	4419
1391	4420
4035	4421
1692	4422
5406	4423
5631	4424
6349	4425
5109	4426
6354	4427
4707	4428
132	4429
2629	4430
6771	4431
7087	4432
6483	4433
3259	4434
2398	4435
9843	4436
7915	4437
5441	4438
7077	4439
1146	4440
1159	4441
1562	4442
5587	4443
7822	4444
2947	4445
6578	4446
9390	4447
8750	4448
7816	4449
5044	4450
3045	4451
3132	4452
8495	4453
8031	4454
4848	4455
7402	4456
8855	4457
3579	4458
9382	4459
4645	4460
1396	4461
9814	4462
2649	4463
8108	4464
4272	4465
9253	4466
2279	4467
8604	4468
812	4469
5501	4470
956	4471
6575	4472
3278	4473
3719	4474
4292	4475
4648	4476
7631	4477
9203	4478
6347	4479
2559	4480
6238	4481
702	4482
144	4483
6005	4484
6307	4485
7485	4486
5069	4487
5982	4488
4187	4489
4559	4490
6593	4491
4464	4492
1162	4493
2294	4494
163	4495
6034	4496
1158	4497
7735	4498
6528	4499
153	4500
3126	4501
6878	4502
1339	4503
2510	4504
5125	4505
3008	4506
577	4507
2603	4508
5077	4509
3754	4510
3714	4511
9853	4512
6372	4513
4329	4514
1689	4515
9548	4516
1030	4517
6805	4518
9106	4519
9970	4520
1334	4521
7920	4522
6283	4523
356	4524
4933	4525
7959	4526
9185	4527
5640	4528
2177	4529
5347	4530
2339	4531
1220	4532
7175	4533
1655	4534
8251	4535
3936	4536
858	4537
371	4538
5911	4539
3425	4540
6970	4541
1773	4542
8969	4543
9666	4544
8433	4545
6601	4546
9616	4547
8068	4548
7730	4549
2247	4550
2397	4551
8206	4552
9827	4553
2677	4554
2964	4555
5855	4556
4828	4557
4729	4558
7318	4559
3535	4560
5343	4561
5838	4562
1507	4563
3537	4564
2986	4565
7040	4566
7310	4567
593	4568
997	4569
1599	4570
7357	4571
2717	4572
1108	4573
765	4574
6489	4575
5461	4576
8494	4577
7052	4578
9472	4579
8364	4580
1453	4581
9069	4582
7503	4583
9449	4584
6699	4585
3399	4586
1027	4587
4260	4588
381	4589
8909	4590
1505	4591
6557	4592
1510	4593
7911	4594
3611	4595
5954	4596
6675	4597
3792	4598
5711	4599
7096	4600
4049	4601
8961	4602
6003	4603
6668	4604
9483	4605
811	4606
5573	4607
7761	4608
6422	4609
17	4610
8567	4611
1800	4612
8736	4613
7418	4614
5549	4615
4695	4616
3625	4617
4378	4618
4676	4619
8222	4620
4075	4621
2893	4622
3746	4623
5504	4624
6847	4625
3658	4626
5610	4627
8501	4628
1094	4629
2690	4630
3991	4631
2054	4632
1926	4633
2785	4634
5108	4635
8751	4636
764	4637
2375	4638
9762	4639
3868	4640
4699	4641
345	4642
4526	4643
7237	4644
2113	4645
1650	4646
9771	4647
7499	4648
2125	4649
9678	4650
4025	4651
7990	4652
8950	4653
9596	4654
5200	4655
9231	4656
3270	4657
1266	4658
8226	4659
3536	4660
567	4661
8908	4662
4229	4663
2753	4664
3687	4665
1746	4666
4876	4667
3004	4668
3813	4669
595	4670
8296	4671
6935	4672
4979	4673
3523	4674
9916	4675
2097	4676
1564	4677
8919	4678
1392	4679
8791	4680
2936	4681
8745	4682
5818	4683
7777	4684
8525	4685
763	4686
1470	4687
1538	4688
2944	4689
4104	4690
1298	4691
4847	4692
4853	4693
1387	4694
9049	4695
7209	4696
2734	4697
7553	4698
8383	4699
7397	4700
1421	4701
9233	4702
3387	4703
1534	4704
4278	4705
3371	4706
9696	4707
6701	4708
3480	4709
755	4710
3861	4711
6138	4712
2679	4713
4862	4714
5297	4715
2322	4716
9825	4717
8672	4718
3063	4719
8478	4720
5231	4721
819	4722
6462	4723
5529	4724
5288	4725
1854	4726
5404	4727
7916	4728
1400	4729
7901	4730
5116	4731
2796	4732
1920	4733
5686	4734
1798	4735
4805	4736
9380	4737
1434	4738
5315	4739
7267	4740
6338	4741
8924	4742
270	4743
9847	4744
1300	4745
1170	4746
6475	4747
2872	4748
8158	4749
3396	4750
7887	4751
5881	4752
7019	4753
8808	4754
605	4755
3995	4756
4038	4757
9071	4758
3102	4759
9785	4760
2514	4761
1494	4762
3706	4763
836	4764
4771	4765
926	4766
5428	4767
3505	4768
4799	4769
2474	4770
4154	4771
2692	4772
7988	4773
8684	4774
2432	4775
2014	4776
1024	4777
2699	4778
5232	4779
3677	4780
3740	4781
2345	4782
5905	4783
851	4784
3139	4785
6152	4786
848	4787
8323	4788
2408	4789
9895	4790
1440	4791
4694	4792
2363	4793
2296	4794
8037	4795
5565	4796
6285	4797
6709	4798
9138	4799
3455	4800
5547	4801
1192	4802
2696	4803
5908	4804
6295	4805
5726	4806
5066	4807
5710	4808
4422	4809
3272	4810
3608	4811
8473	4812
2795	4813
4721	4814
4993	4815
4968	4816
4238	4817
594	4818
3695	4819
4825	4820
9617	4821
9892	4822
6361	4823
1924	4824
7469	4825
3264	4826
6636	4827
6990	4828
4005	4829
2726	4830
2269	4831
7329	4832
5822	4833
9339	4834
4819	4835
1867	4836
6009	4837
8942	4838
5725	4839
1917	4840
4264	4841
3077	4842
9867	4843
9899	4844
6908	4845
9030	4846
7061	4847
7509	4848
3890	4849
4410	4850
9468	4851
8096	4852
5675	4853
1209	4854
6523	4855
5488	4856
46	4857
8667	4858
2999	4859
2625	4860
6431	4861
9567	4862
553	4863
8439	4864
3115	4865
2382	4866
7595	4867
6305	4868
5808	4869
4720	4870
2048	4871
5402	4872
6874	4873
9925	4874
9350	4875
2518	4876
8065	4877
7115	4878
8264	4879
743	4880
2236	4881
8565	4882
8809	4883
2271	4884
6537	4885
8468	4886
647	4887
1973	4888
5568	4889
6024	4890
2372	4891
384	4892
1141	4893
9225	4894
2594	4895
2592	4896
6150	4897
4246	4898
2331	4899
8411	4900
3941	4901
5922	4902
3374	4903
2111	4904
1922	4905
2185	4906
8278	4907
5894	4908
9311	4909
2307	4910
6163	4911
653	4912
5571	4913
7663	4914
3716	4915
959	4916
1263	4917
6130	4918
4642	4919
1720	4920
1797	4921
1703	4922
7956	4923
6591	4924
9610	4925
8977	4926
3765	4927
3289	4928
3817	4929
1373	4930
8780	4931
3512	4932
3196	4933
8175	4934
7700	4935
1180	4936
2839	4937
664	4938
3583	4939
1422	4940
8402	4941
7078	4942
4489	4943
4928	4944
2221	4945
3021	4946
8535	4947
2227	4948
1567	4949
1424	4950
8131	4951
8686	4952
2489	4953
4816	4954
3429	4955
1810	4956
1320	4957
9648	4958
9539	4959
3897	4960
9212	4961
8617	4962
1039	4963
1358	4964
8349	4965
9620	4966
3955	4967
8114	4968
3703	4969
8772	4970
7316	4971
5971	4972
8673	4973
621	4974
4405	4975
262	4976
36	4977
4631	4978
6184	4979
637	4980
5682	4981
9248	4982
3085	4983
1302	4984
9734	4985
6342	4986
6732	4987
3232	4988
9619	4989
2168	4990
3678	4991
4569	4992
9096	4993
4115	4994
5034	4995
3960	4996
9267	4997
5616	4998
5121	4999
4215	5000
1145	5001
6647	5002
4155	5003
1526	5004
4120	5005
6579	5006
1402	5007
2335	5008
9458	5009
7560	5010
1041	5011
9302	5012
5110	5013
5761	5014
8223	5015
1879	5016
6718	5017
5361	5018
3087	5019
9635	5020
7549	5021
9790	5022
3925	5023
9246	5024
4951	5025
2626	5026
264	5027
2083	5028
4188	5029
7804	5030
966	5031
6930	5032
1988	5033
1989	5034
7001	5035
8438	5036
2640	5037
6873	5038
1555	5039
4919	5040
3419	5041
955	5042
115	5043
7783	5044
4112	5045
8794	5046
7025	5047
1190	5048
8763	5049
1772	5050
4169	5051
8857	5052
9965	5053
2250	5054
1157	5055
1191	5056
8645	5057
8123	5058
9372	5059
2843	5060
2683	5061
5614	5062
1910	5063
4062	5064
2672	5065
2716	5066
5027	5067
6642	5068
6947	5069
2756	5070
4959	5071
9507	5072
713	5073
7944	5074
1791	5075
7671	5076
7110	5077
6341	5078
9586	5079
9640	5080
7943	5081
7185	5082
116	5083
3307	5084
6262	5085
3779	5086
8761	5087
5732	5088
2698	5089
1098	5090
6689	5091
5999	5092
8453	5093
4058	5094
8601	5095
9408	5096
4644	5097
7150	5098
7277	5099
9180	5100
8859	5101
4400	5102
5483	5103
3353	5104
6039	5105
2715	5106
5703	5107
7321	5108
4442	5109
1765	5110
1517	5111
5820	5112
9704	5113
8971	5114
9644	5115
3303	5116
8259	5117
5932	5118
9023	5119
5244	5120
8157	5121
4098	5122
3324	5123
1394	5124
1304	5125
606	5126
4366	5127
1861	5128
4988	5129
2005	5130
9671	5131
6674	5132
5731	5133
8195	5134
7667	5135
5923	5136
2475	5137
3556	5138
2789	5139
7159	5140
1443	5141
917	5142
2868	5143
4942	5144
1672	5145
2000	5146
7904	5147
3742	5148
8729	5149
8949	5150
2738	5151
7006	5152
7545	5153
6708	5154
2740	5155
4832	5156
3431	5157
3789	5158
6727	5159
3965	5160
8992	5161
7214	5162
6607	5163
5794	5164
6637	5165
8485	5166
9161	5167
843	5168
3341	5169
5050	5170
1269	5171
8888	5172
7684	5173
1504	5174
547	5175
9081	5176
8664	5177
1256	5178
6901	5179
5221	5180
1469	5181
4081	5182
9595	5183
2614	5184
3507	5185
5632	5186
23	5187
6047	5188
962	5189
1036	5190
7448	5191
6712	5192
7381	5193
2306	5194
8134	5195
4348	5196
4868	5197
6218	5198
4288	5199
2553	5200
711	5201
3253	5202
2814	5203
5831	5204
2003	5205
5429	5206
1536	5207
3894	5208
6564	5209
3362	5210
5979	5211
7122	5212
9758	5213
2231	5214
9469	5215
3525	5216
8555	5217
9014	5218
3640	5219
1964	5220
9860	5221
8340	5222
6363	5223
8081	5224
7304	5225
7748	5226
1343	5227
1919	5228
5858	5229
9780	5230
5585	5231
4550	5232
872	5233
4455	5234
3036	5235
1793	5236
601	5237
2778	5238
1069	5239
8285	5240
2884	5241
7594	5242
2782	5243
5873	5244
941	5245
1286	5246
6093	5247
5307	5248
8557	5249
5567	5250
9119	5251
2536	5252
7745	5253
2982	5254
540	5255
675	5256
7813	5257
4939	5258
6659	5259
3094	5260
6960	5261
7302	5262
5724	5263
8496	5264
3663	5265
5322	5266
5158	5267
5277	5268
4937	5269
3212	5270
8801	5271
5137	5272
3476	5273
3234	5274
6705	5275
1503	5276
7765	5277
1963	5278
1415	5279
6926	5280
2940	5281
8448	5282
2361	5283
7155	5284
7716	5285
3522	5286
5598	5287
2173	5288
7452	5289
4842	5290
2576	5291
1131	5292
8122	5293
3935	5294
2783	5295
574	5296
5621	5297
6681	5298
4820	5299
1261	5300
5701	5301
3759	5302
5060	5303
4064	5304
1050	5305
9563	5306
602	5307
3250	5308
5240	5309
9210	5310
9046	5311
2275	5312
2859	5313
1548	5314
3629	5315
4183	5316
7650	5317
5492	5318
6546	5319
8452	5320
2846	5321
6119	5322
6906	5323
7266	5324
1013	5325
8154	5326
7605	5327
787	5328
2347	5329
2370	5330
6041	5331
1221	5332
9647	5333
7408	5334
1206	5335
9190	5336
9560	5337
3044	5338
8731	5339
7629	5340
479	5341
1092	5342
2314	5343
8469	5344
9010	5345
2661	5346
6959	5347
532	5348
1478	5349
5514	5350
6224	5351
9573	5352
4315	5353
446	5354
1592	5355
2266	5356
8605	5357
3148	5358
5437	5359
8087	5360
3892	5361
7793	5362
6596	5363
6199	5364
2082	5365
8681	5366
529	5367
9553	5368
8097	5369
5258	5370
9470	5371
2600	5372
3108	5373
8012	5374
3117	5375
5688	5376
1315	5377
3803	5378
2880	5379
5572	5380
3321	5381
8747	5382
6221	5383
2215	5384
5531	5385
5840	5386
5750	5387
6542	5388
5270	5389
6446	5390
7241	5391
4070	5392
7754	5393
2562	5394
250	5395
8072	5396
5229	5397
4485	5398
4308	5399
2281	5400
4028	5401
1015	5402
9393	5403
4326	5404
8538	5405
7606	5406
9029	5407
9913	5408
2905	5409
6964	5410
1268	5411
9436	5412
175	5413
9109	5414
636	5415
9813	5416
2923	5417
1525	5418
733	5419
4099	5420
3888	5421
1822	5422
7008	5423
4211	5424
8699	5425
4761	5426
6000	5427
7114	5428
7254	5429
1600	5430
7702	5431
9893	5432
1660	5433
5493	5434
8997	5435
7966	5436
3655	5437
4480	5438
5139	5439
8839	5440
9259	5441
7262	5442
3051	5443
855	5444
3666	5445
4242	5446
1360	5447
1841	5448
1825	5449
1277	5450
1356	5451
9551	5452
5452	5453
5013	5454
3600	5455
178	5456
7963	5457
6162	5458
1003	5459
5992	5460
2364	5461
1346	5462
9386	5463
4575	5464
2017	5465
9524	5466
7038	5467
8099	5468
6973	5469
8066	5470
6869	5471
5130	5472
2744	5473
7762	5474
7842	5475
4880	5476
7674	5477
2404	5478
4679	5479
922	5480
2993	5481
3276	5482
9323	5483
4518	5484
3702	5485
1025	5486
2493	5487
4742	5488
6801	5489
7256	5490
9839	5491
9594	5492
9316	5493
5063	5494
6848	5495
7086	5496
6529	5497
6359	5498
8514	5499
9297	5500
2310	5501
8851	5502
3312	5503
5046	5504
5289	5505
4769	5506
4191	5507
1739	5508
4297	5509
252	5510
8133	5511
2252	5512
874	5513
3867	5514
2498	5515
8327	5516
8726	5517
7769	5518
3621	5519
2449	5520
6720	5521
1680	5522
5823	5523
7950	5524
1744	5525
4181	5526
8970	5527
6790	5528
3032	5529
6893	5530
9580	5531
2155	5532
6765	5533
4692	5534
9170	5535
4102	5536
5746	5537
737	5538
9954	5539
2265	5540
8727	5541
6380	5542
1172	5543
162	5544
3828	5545
2007	5546
7746	5547
7143	5548
1516	5549
9282	5550
5902	5551
6074	5552
1524	5553
7625	5554
7713	5555
2612	5556
8973	5557
2858	5558
5901	5559
8937	5560
5146	5561
338	5562
948	5563
3799	5564
6032	5565
699	5566
70	5567
8827	5568
5036	5569
7902	5570
9365	5571
9054	5572
6343	5573
8003	5574
9717	5575
5035	5576
9600	5577
2195	5578
2566	5579
3098	5580
780	5581
6940	5582
1279	5583
5498	5584
2174	5585
3391	5586
4054	5587
4866	5588
4	5589
8960	5590
7888	5591
5936	5592
1290	5593
7440	5594
7179	5595
4735	5596
4221	5597
1755	5598
7894	5599
2943	5600
3780	5601
5661	5602
3710	5603
2052	5604
4736	5605
397	5606
1414	5607
141	5608
1681	5609
2771	5610
2461	5611
5442	5612
5408	5613
3637	5614
9494	5615
3659	5616
7515	5617
9172	5618
4915	5619
6235	5620
9826	5621
3737	5622
5760	5623
7497	5624
3986	5625
8717	5626
3790	5627
6282	5628
5403	5629
8929	5630
3434	5631
8221	5632
7539	5633
9063	5634
6251	5635
4616	5636
9883	5637
3444	5638
1000	5639
9146	5640
8650	5641
8290	5642
8160	5643
6382	5644
9292	5645
9473	5646
6759	5647
4404	5648
9412	5649
7937	5650
2066	5651
5042	5652
727	5653
7341	5654
8833	5655
7021	5656
8707	5657
3191	5658
2799	5659
3581	5660
1519	5661
9905	5662
1843	5663
8678	5664
795	5665
9677	5666
6182	5667
8597	5668
1060	5669
415	5670
4851	5671
2752	5672
5655	5673
7299	5674
6845	5675
6373	5676
6010	5677
5197	5678
2662	5679
3082	5680
2251	5681
9852	5682
5202	5683
2548	5684
4052	5685
2	5686
5147	5687
9545	5688
906	5689
7378	5690
2554	5691
9754	5692
4911	5693
5809	5694
5431	5695
5972	5696
3320	5697
8194	5698
2544	5699
8659	5700
6773	5701
4462	5702
7563	5703
834	5704
6903	5705
6014	5706
8529	5707
5237	5708
8183	5709
3772	5710
300	5711
6756	5712
1349	5713
8587	5714
7969	5715
8755	5716
4629	5717
3775	5718
3145	5719
1627	5720
7079	5721
571	5722
1747	5723
8326	5724
4467	5725
2407	5726
4130	5727
3465	5728
505	5729
7062	5730
2448	5731
3638	5732
4748	5733
5346	5734
436	5735
9345	5736
4160	5737
1858	5738
5233	5739
1782	5740
9720	5741
2641	5742
8179	5743
7135	5744
2468	5745
4621	5746
5193	5747
1878	5748
347	5749
8362	5750
8874	5751
4994	5752
3453	5753
865	5754
1730	5755
6538	5756
1916	5757
3540	5758
276	5759
3447	5760
1570	5761
8948	5762
7547	5763
9303	5764
3933	5765
1760	5766
5734	5767
4014	5768
168	5769
4566	5770
1276	5771
6426	5772
6855	5773
6669	5774
5805	5775
6764	5776
8156	5777
8739	5778
195	5779
2308	5780
7865	5781
7647	5782
1037	5783
8805	5784
9306	5785
6683	5786
1230	5787
228	5788
1594	5789
7305	5790
9615	5791
9089	5792
4333	5793
8889	5794
695	5795
6155	5796
1407	5797
8126	5798
7278	5799
5423	5800
5245	5801
2720	5802
6582	5803
2545	5804
4063	5805
4753	5806
9427	5807
4572	5808
4189	5809
6710	5810
3656	5811
2727	5812
9116	5813
7311	5814
7385	5815
9721	5816
6158	5817
2852	5818
9866	5819
1578	5820
4879	5821
5157	5822
5424	5823
7530	5824
1200	5825
2815	5826
282	5827
17	5828
8256	5829
6695	5830
4337	5831
983	5832
3872	5833
4513	5834
292	5835
2806	5836
1110	5837
5391	5838
7258	5839
9850	5840
4715	5841
1291	5842
8035	5843
5677	5844
6255	5845
2336	5846
1628	5847
6740	5848
8965	5849
4789	5850
6241	5851
1591	5852
8564	5853
4271	5854
4218	5855
7687	5856
5126	5857
6082	5858
5674	5859
3385	5860
5432	5861
2522	5862
7003	5863
2211	5864
9145	5865
4389	5866
810	5867
1046	5868
6105	5869
4322	5870
4298	5871
5577	5872
7331	5873
4309	5874
164	5875
5802	5876
9962	5877
4871	5878
976	5879
9680	5880
6088	5881
3919	5882
4340	5883
6797	5884
8708	5885
6626	5886
3379	5887
4437	5888
1636	5889
6865	5890
6888	5891
7686	5892
6989	5893
6104	5894
9782	5895
734	5896
5191	5897
4658	5898
6442	5899
5584	5900
5390	5901
6879	5902
4443	5903
9371	5904
8767	5905
5017	5906
7098	5907
527	5908
9667	5909
346	5910
7612	5911
1508	5912
6055	5913
4504	5914
3547	5915
4577	5916
6287	5917
4448	5918
9542	5919
4117	5920
118	5921
3918	5922
1122	5923
8582	5924
4924	5925
830	5926
4301	5927
172	5928
6662	5929
7849	5930
7031	5931
5224	5932
1970	5933
5001	5934
3588	5935
9164	5936
4180	5937
6473	5938
2503	5939
3412	5940
8634	5941
8347	5942
1188	5943
207	5944
2288	5945
7474	5946
6676	5947
1550	5948
2984	5949
145	5950
2385	5951
4691	5952
9043	5953
6824	5954
2853	5955
1849	5956
7659	5957
7189	5958
5998	5959
6625	5960
3694	5961
1105	5962
1506	5963
4587	5964
4495	5965
2387	5966
8612	5967
9791	5968
3945	5969
6934	5970
9466	5971
75	5972
4190	5973
850	5974
6491	5975
5603	5976
5510	5977
4837	5978
258	5979
205	5980
9174	5981
7325	5982
7635	5983
7697	5984
6496	5985
1721	5986
374	5987
1066	5988
5681	5989
2053	5990
7876	5991
7193	5992
4727	5993
1117	5994
1719	5995
7432	5996
6994	5997
1446	5998
6561	5999
4589	6000
5789	6001
4520	6002
9516	6003
9486	6004
8799	6005
6108	6006
8052	6007
5578	6008
6329	6009
5986	6010
351	6011
708	6012
7994	6013
3204	6014
5907	6015
4841	6016
2773	6017
9871	6018
586	6019
2617	6020
112	6021
3499	6022
5439	6023
8771	6024
4512	6025
7791	6026
3990	6027
8689	6028
1649	6029
6968	6030
4407	6031
9070	6032
622	6033
1807	6034
200	6035
4698	6036
3492	6037
3317	6038
1673	6039
7967	6040
7867	6041
5990	6042
2835	6043
1166	6044
4888	6045
9230	6046
1106	6047
5131	6048
2904	6049
4808	6050
4426	6051
9008	6052
3682	6053
5968	6054
2809	6055
6424	6056
5810	6057
9410	6058
8959	6059
3830	6060
2075	6061
6214	6062
7059	6063
9802	6064
6657	6065
991	6066
5000	6067
2295	6068
5296	6069
6724	6070
5413	6071
7751	6072
9849	6073
7453	6074
2755	6075
1324	6076
4057	6077
2873	6078
3046	6079
1375	6080
2957	6081
8287	6082
480	6083
2050	6084
9716	6085
4693	6086
4332	6087
5472	6088
8893	6089
5032	6090
4506	6091
508	6092
9683	6093
5376	6094
9897	6095
8	6096
4193	6097
9834	6098
6884	6099
7581	6100
7107	6101
5382	6102
4859	6103
2539	6104
3018	6105
5214	6106
5414	6107
5667	6108
2837	6109
3263	6110
5278	6111
3096	6112
4486	6113
56	6114
7692	6115
3131	6116
965	6117
7396	6118
8449	6119
2451	6120
9341	6121
1587	6122
4981	6123
5355	6124
2802	6125
4525	6126
2968	6127
4365	6128
5397	6129
2435	6130
4031	6131
4147	6132
4787	6133
3722	6134
1142	6135
3704	6136
5308	6137
1372	6138
828	6139
7630	6140
8553	6141
5052	6142
8270	6143
8372	6144
5184	6145
2929	6146
570	6147
9244	6148
6545	6149
9510	6150
6725	6151
5465	6152
2040	6153
1412	6154
8844	6155
6861	6156
5772	6157
3015	6158
9743	6159
7588	6160
7126	6161
3502	6162
2965	6163
4094	6164
6753	6165
1301	6166
3827	6167
8305	6168
8234	6169
2160	6170
5956	6171
8835	6172
954	6173
4346	6174
6293	6175
8201	6176
4916	6177
7384	6178
4965	6179
9864	6180
8549	6181
401	6182
2218	6183
6269	6184
7345	6185
9134	6186
6370	6187
7486	6188
1088	6189
9940	6190
6404	6191
3334	6192
6309	6193
8000	6194
324	6195
694	6196
6443	6197
3503	6198
7620	6199
4151	6200
4283	6201
1018	6202
1509	6203
8378	6204
8483	6205
9038	6206
331	6207
8395	6208
447	6209
7537	6210
5082	6211
8310	6212
5024	6213
4430	6214
5527	6215
9879	6216
4413	6217
5456	6218
5877	6219
537	6220
7377	6221
3776	6222
1215	6223
5093	6224
9181	6225
936	6226
9699	6227
6911	6228
2570	6229
5160	6230
5938	6231
1808	6232
495	6233
818	6234
1459	6235
4588	6236
783	6237
5399	6238
4185	6239
3631	6240
6133	6241
8621	6242
388	6243
562	6244
2577	6245
5055	6246
3188	6247
466	6248
9768	6249
444	6250
8829	6251
8230	6252
1905	6253
3899	6254
9821	6255
7619	6256
6494	6257
2487	6258
8184	6259
1816	6260
4781	6261
672	6262
373	6263
5449	6264
6036	6265
7239	6266
6660	6267
1957	6268
6195	6269
240	6270
9454	6271
4987	6272
9875	6273
4838	6274
9417	6275
6794	6276
5832	6277
2997	6278
2675	6279
3206	6280
3189	6281
7664	6282
3949	6283
5962	6284
6744	6285
6103	6286
526	6287
4604	6288
4713	6289
7424	6290
190	6291
7347	6292
9665	6293
2980	6294
785	6295
8407	6296
1676	6297
134	6298
5876	6299
9819	6300
1063	6301
1687	6302
6007	6303
2582	6304
9307	6305
7597	6306
6993	6307
8522	6308
8011	6309
5759	6310
9689	6311
8338	6312
5959	6313
7531	6314
7586	6315
7359	6316
2411	6317
6096	6318
8719	6319
5159	6320
2908	6321
1580	6322
7930	6323
2476	6324
6222	6325
9110	6326
4241	6327
8730	6328
3833	6329
1378	6330
6680	6331
773	6332
7498	6333
5300	6334
6267	6335
1671	6336
9367	6337
3288	6338
1932	6339
8653	6340
2235	6341
4029	6342
1553	6343
921	6344
2228	6345
7797	6346
4390	6347
8454	6348
4087	6349
9305	6350
6569	6351
6600	6352
4740	6353
1223	6354
2418	6355
4585	6356
6229	6357
4247	6358
5230	6359
4731	6360
2970	6361
3543	6362
51	6363
6547	6364
9007	6365
2349	6366
643	6367
6666	6368
6931	6369
7037	6370
6768	6371
5581	6372
9719	6373
246	6374
131	6375
2328	6376
6991	6377
611	6378
1181	6379
7657	6380
1906	6381
9286	6382
124	6383
8688	6384
285	6385
8359	6386
9269	6387
8930	6388
5837	6389
4305	6390
4755	6391
2206	6392
4252	6393
3296	6394
49	6395
9031	6396
5960	6397
2187	6398
1610	6399
304	6400
9745	6401
8583	6402
7860	6403
2297	6404
7443	6405
4452	6406
3568	6407
6378	6408
1163	6409
7749	6410
86	6411
5918	6412
1074	6413
87	6414
798	6415
76	6416
149	6417
5653	6418
7806	6419
2808	6420
1070	6421
9820	6422
1296	6423
7125	6424
343	6425
7415	6426
7932	6427
2760	6428
9191	6429
5152	6430
681	6431
19	6432
5980	6433
5588	6434
3109	6435
6615	6436
3074	6437
1337	6438
9118	6439
5022	6440
880	6441
2292	6442
6693	6443
2278	6444
7743	6445
7638	6446
1648	6447
9167	6448
2429	6449
7383	6450
5591	6451
2638	6452
3800	6453
16	6454
4892	6455
9579	6456
6402	6457
6808	6458
4017	6459
666	6460
9953	6461
8572	6462
5619	6463
3713	6464
4976	6465
3033	6466
3587	6467
2593	6468
2457	6469
4419	6470
9550	6471
4964	6472
5824	6473
9562	6474
6541	6475
9656	6476
1055	6477
15	6478
8242	6479
5268	6480
2140	6481
2791	6482
7308	6483
1733	6484
6816	6485
312	6486
7945	6487
5874	6488
5138	6489
3339	6490
7535	6491
7654	6492
8846	6493
938	6494
3333	6495
3231	6496
299	6497
8004	6498
4932	6499
6481	6500
4199	6501
5276	6502
7009	6503
103	6504
4127	6505
4408	6506
5594	6507
2051	6508
8748	6509
738	6510
4416	6511
405	6512
6071	6513
5561	6514
2898	6515
674	6516
2569	6517
6988	6518
1523	6519
6822	6520
4492	6521
8493	6522
3375	6523
4357	6524
5528	6525
4542	6526
3258	6527
2983	6528
4236	6529
4773	6530
494	6531
8009	6532
6955	6533
2535	6534
9431	6535
6362	6536
3675	6537
9072	6538
6317	6539
6531	6540
2447	6541
100	6542
9042	6543
9175	6544
9593	6545
1084	6546
8629	6547
2533	6548
8866	6549
1471	6550
2967	6551
4529	6552
6566	6553
4354	6554
393	6555
6590	6556
9478	6557
9446	6558
5065	6559
7007	6560
939	6561
7685	6562
6798	6563
5295	6564
9841	6565
5250	6566
1761	6567
6311	6568
7044	6569
1417	6570
2102	6571
3802	6572
196	6573
6881	6574
6185	6575
4165	6576
2798	6577
845	6578
3593	6579
3283	6580
7955	6581
6346	6582
9501	6583
1717	6584
9633	6585
2019	6586
8696	6587
3106	6588
9271	6589
2114	6590
7790	6591
6318	6592
1129	6593
6897	6594
1484	6595
6068	6596
1248	6597
3599	6598
7870	6599
2456	6600
8482	6601
6769	6602
877	6603
7576	6604
6577	6605
4469	6606
7800	6607
7127	6608
6098	6609
4284	6610
5720	6611
6977	6612
9113	6613
7232	6614
5930	6615
7573	6616
5354	6617
9842	6618
8968	6619
4175	6620
1986	6621
1661	6622
379	6623
5040	6624
1116	6625
935	6626
7222	6627
9786	6628
5920	6629
4213	6630
62	6631
5872	6632
4258	6633
7326	6634
5216	6635
6076	6636
4042	6637
2838	6638
6364	6639
2179	6640
334	6641
139	6642
697	6643
2882	6644
8319	6645
4033	6646
6209	6647
8515	6648
9751	6649
7789	6650
5933	6651
607	6652
8648	6653
9328	6654
5459	6655
1980	6656
4391	6657
4358	6658
3119	6659
3596	6660
8895	6661
3804	6662
3173	6663
3355	6664
4917	6665
7249	6666
3179	6667
6129	6668
6321	6669
3628	6670
4164	6671
8146	6672
7825	6673
6211	6674
461	6675
6345	6676
2188	6677
2420	6678
980	6679
719	6680
5781	6681
437	6682
6733	6683
6022	6684
9496	6685
6451	6686
6948	6687
511	6688
8247	6689
9219	6690
9140	6691
1604	6692
4941	6693
8821	6694
5679	6695
4122	6696
2911	6697
8112	6698
2836	6699
5002	6700
2608	6701
9621	6702
2380	6703
9760	6704
9059	6705
2405	6706
4984	6707
9298	6708
6302	6709
1475	6710
9301	6711
5450	6712
9171	6713
7980	6714
2991	6715
3164	6716
725	6717
5819	6718
2847	6719
3481	6720
5842	6721
5327	6722
5672	6723
4153	6724
3308	6725
3831	6726
7276	6727
9016	6728
8315	6729
2874	6730
1278	6731
8273	6732
8279	6733
6761	6734
3951	6735
1763	6736
2104	6737
8544	6738
4245	6739
1113	6740
9650	6741
9444	6742
3242	6743
1502	6744
5447	6745
9073	6746
1467	6747
9614	6748
2028	6749
491	6750
896	6751
8558	6752
6731	6753
8518	6754
9086	6755
7599	6756
8477	6757
4561	6758
5912	6759
6815	6760
7471	6761
4056	6762
8292	6763
7178	6764
1975	6765
3726	6766
4090	6767
7183	6768
654	6769
8852	6770
4867	6771
2469	6772
5409	6773
9404	6774
2769	6775
5302	6776
5325	6777
1112	6778
3097	6779
7353	6780
6749	6781
6585	6782
2042	6783
8021	6784
4041	6785
4535	6786
8308	6787
5544	6788
3787	6789
3348	6790
4747	6791
9764	6792
1235	6793
3572	6794
8749	6795
6742	6796
6212	6797
3604	6798
452	6799
27	6800
1107	6801
7666	6802
8177	6803
5537	6804
7411	6805
7591	6806
493	6807
9143	6808
9783	6809
8103	6810
4439	6811
5482	6812
1274	6813
4118	6814
2479	6815
1167	6816
723	6817
2645	6818
4564	6819
3462	6820
1085	6821
3976	6822
8447	6823
533	6824
933	6825
6658	6826
6961	6827
3526	6828
3246	6829
5010	6830
6942	6831
8246	6832
9872	6833
476	6834
3851	6835
5163	6836
4783	6837
1168	6838
9197	6839
4849	6840
1072	6841
8871	6842
9243	6843
6896	6844
8820	6845
459	6846
2528	6847
6330	6848
2263	6849
4273	6850
7755	6851
560	6852
2650	6853
5721	6854
2417	6855
2558	6856
685	6857
6444	6858
234	6859
254	6860
2167	6861
5704	6862
3679	6863
364	6864
9927	6865
7332	6866
2869	6867
8714	6868
5468	6869
231	6870
409	6871
3067	6872
8142	6873
8626	6874
9741	6875
947	6876
4321	6877
2165	6878
8420	6879
8392	6880
5497	6881
8513	6882
130	6883
129	6884
349	6885
5966	6886
3751	6887
3971	6888
9599	6889
5722	6890
9176	6891
6924	6892
7884	6893
1679	6894
7852	6895
4256	6896
7787	6897
5903	6898
580	6899
7877	6900
7464	6901
6737	6902
8199	6903
4339	6904
1968	6905
189	6906
6739	6907
1071	6908
4907	6909
243	6910
8709	6911
8399	6912
6485	6913
8094	6914
8379	6915
5363	6916
3065	6917
8774	6918
6213	6919
5128	6920
216	6921
487	6922
998	6923
305	6924
6841	6925
8274	6926
7024	6927
2069	6928
4182	6929
8150	6930
2439	6931
2065	6932
5059	6933
7395	6934
808	6935
690	6936
6360	6937
1376	6938
1784	6939
5169	6940
1675	6941
1826	6942
6834	6943
4547	6944
8628	6945
2238	6946
9971	6947
2175	6948
2719	6949
9589	6950
256	6951
7142	6952
8926	6953
3858	6954
215	6955
8983	6956
5242	6957
1805	6958
4382	6959
7907	6960
2890	6961
6275	6962
5541	6963
5113	6964
8511	6965
6396	6966
400	6967
3001	6968
1959	6969
7403	6970
5303	6971
2105	6972
6945	6973
8677	6974
7480	6975
1554	6976
9235	6977
1623	6978
6825	6979
3882	6980
5557	6981
5927	6982
1513	6983
4710	6984
5314	6985
2739	6986
9349	6987
4350	6988
4609	6989
8440	6990
4476	6991
7236	6992
1632	6993
7205	6994
4590	6995
1617	6996
2353	6997
4767	6998
4716	6999
3331	7000
2141	7001
7774	7002
2183	7003
7188	7004
2601	7005
2676	7006
6738	7007
6460	7008
9912	7009
3019	7010
8107	7011
6978	7012
6823	7013
2010	7014
2580	7015
1057	7016
9920	7017
4200	7018
4402	7019
6201	7020
1529	7021
7714	7022
1864	7023
5204	7024
6795	7025
1359	7026
2046	7027
6254	7028
7290	7029
5043	7030
3612	7031
2230	7032
1770	7033
5298	7034
5871	7035
3527	7036
3506	7037
3832	7038
6586	7039
3880	7040
1254	7041
9947	7042
5499	7043
5964	7044
9337	7045
9503	7046
5275	7047
8063	7048
9527	7049
2563	7050
3378	7051
5987	7052
328	7053
2497	7054
60	7055
8641	7056
7268	7057
2094	7058
1305	7059
7604	7060
3457	7061
7725	7062
8423	7063
6327	7064
3473	7065
3773	7066
7289	7067
4882	7068
949	7069
1933	7070
6149	7071
3130	7072
4521	7073
7726	7074
4168	7075
8297	7076
5162	7077
2637	7078
5880	7079
575	7080
3409	7081
5974	7082
12	7083
8017	7084
944	7085
5372	7086
7758	7087
8724	7088
9403	7089
6758	7090
259	7091
2613	7092
1474	7093
750	7094
6157	7095
6097	7096
9676	7097
2209	7098
5670	7099
8266	7100
7032	7101
2148	7102
5186	7103
1603	7104
1005	7105
3042	7106
7196	7107
7756	7108
9693	7109
3667	7110
6730	7111
1884	7112
5692	7113
2914	7114
330	7115
9712	7116
6663	7117
3785	7118
426	7119
3318	7120
4047	7121
7757	7122
2255	7123
7433	7124
7978	7125
5136	7126
4935	7127
1985	7128
9727	7129
7528	7130
5473	7131
9385	7132
8446	7133
5176	7134
2246	7135
416	7136
5282	7137
6316	7138
1666	7139
2116	7140
592	7141
434	7142
3329	7143
8181	7144
4498	7145
3885	7146
7874	7147
7176	7148
5770	7149
8413	7150
3823	7151
9955	7152
4889	7153
6532	7154
9557	7155
7180	7156
5165	7157
9222	7158
9240	7159
4046	7160
2583	7161
825	7162
5373	7163
5570	7164
2886	7165
6558	7166
181	7167
7084	7168
294	7169
2337	7170
5212	7171
8069	7172
8881	7173
753	7174
1731	7175
6499	7176
7173	7177
9082	7178
4149	7179
4250	7180
3999	7181
2061	7182
8507	7183
7834	7184
9729	7185
8662	7186
751	7187
864	7188
7470	7189
2303	7190
8410	7191
2119	7192
3562	7193
1490	7194
5313	7195
3554	7196
5793	7197
3681	7198
9196	7199
7548	7200
7030	7201
7565	7202
8238	7203
1727	7204
5129	7205
3869	7206
4635	7207
548	7208
2684	7209
7257	7210
4310	7211
7056	7212
6711	7213
4002	7214
7015	7215
5925	7216
1716	7217
8282	7218
3214	7219
1364	7220
5888	7221
2750	7222
7286	7223
7184	7224
569	7225
1714	7226
8182	7227
7309	7228
9085	7229
957	7230
8441	7231
7139	7232
1974	7233
6728	7234
9528	7235
4651	7236
3500	7237
3327	7238
6613	7239
5170	7240
9148	7241
2026	7242
28	7243
1147	7244
4207	7245
6037	7246
6981	7247
7873	7248
7974	7249
2519	7250
4324	7251
7226	7252
2602	7253
2895	7254
990	7255
1818	7256
2467	7257
3181	7258
7502	7259
4822	7260
6049	7261
4237	7262
1762	7263
2063	7264
766	7265
9284	7266
4093	7267
5389	7268
923	7269
4423	7270
165	7271
8577	7272
916	7273
1466	7274
3956	7275
2560	7276
26	7277
5742	7278
8135	7279
8854	7280
6171	7281
7961	7282
1615	7283
5727	7284
7379	7285
989	7286
617	7287
7891	7288
696	7289
1663	7290
1065	7291
6101	7292
7555	7293
9362	7294
3974	7295
509	7296
1410	7297
7817	7298
9506	7299
1579	7300
402	7301
8479	7302
5269	7303
8486	7304
9798	7305
380	7306
9612	7307
2706	7308
1860	7309
6374	7310
8512	7311
142	7312
8585	7313
360	7314
7422	7315
3605	7316
5991	7317
2591	7318
4466	7319
7557	7320
8444	7321
1514	7322
9855	7323
2416	7324
6898	7325
4544	7326
4143	7327
6969	7328
5357	7329
3183	7330
7582	7331
14	7332
2002	7333
6046	7334
9703	7335
4724	7336
4660	7337
6802	7338
3058	7339
517	7340
8752	7341
5958	7342
2199	7343
8972	7344
902	7345
6629	7346
5917	7347
7821	7348
4912	7349
475	7350
6468	7351
2584	7352
1662	7353
6420	7354
9331	7355
6154	7356
7644	7357
2764	7358
9093	7359
9889	7360
3459	7361
5952	7362
9263	7363
241	7364
1971	7365
2610	7366
8947	7367
5132	7368
5515	7369
4714	7370
726	7371
8654	7372
8877	7373
2207	7374
4287	7375
8089	7376
3482	7377
3381	7378
1728	7379
1565	7380
969	7381
5264	7382
2460	7383
184	7384
2746	7385
2012	7386
8784	7387
8931	7388
5816	7389
3923	7390
2705	7391
6511	7392
2064	7393
8600	7394
8040	7395
9830	7396
2628	7397
1100	7398
8041	7399
4898	7400
8286	7401
9577	7402
6099	7403
471	7404
5081	7405
8289	7406
4212	7407
4446	7408
7252	7409
2029	7410
9664	7411
3135	7412
5421	7413
8508	7414
7868	7415
4797	7416
1665	7417
9915	7418
7117	7419
8532	7420
8151	7421
859	7422
3632	7423
6137	7424
9731	7425
6484	7426
2081	7427
2723	7428
6324	7429
7753	7430
309	7431
6479	7432
4580	7433
3347	7434
3875	7435
9078	7436
9095	7437
9434	7438
1441	7439
5012	7440
303	7441
8474	7442
3370	7443
3219	7444
3728	7445
5400	7446
8258	7447
862	7448
7298	7449
7066	7450
3797	7451
3190	7452
6876	7453
4821	7454
3006	7455
7951	7456
6656	7457
5023	7458
4655	7459
7260	7460
9629	7461
6589	7462
3384	7463
2889	7464
9941	7465
7434	7466
8105	7467
7731	7468
6487	7469
9921	7470
7327	7471
2031	7472
1401	7473
5251	7474
486	7475
2300	7476
9217	7477
3769	7478
6471	7479
6694	7480
1549	7481
3698	7482
3717	7483
3781	7484
968	7485
1955	7486
3220	7487
5659	7488
5627	7489
1521	7490
8975	7491
3782	7492
8880	7493
8048	7494
7841	7495
8202	7496
4977	7497
2154	7498
8647	7499
4216	7500
1288	7501
3335	7502
3070	7503
5597	7504
4107	7505
8497	7506
6859	7507
7475	7508
8391	7509
7846	7510
3724	7511
8516	7512
7931	7513
9497	7514
2534	7515
157	7516
6611	7517
4524	7518
2146	7519
18	7520
4666	7521
3569	7522
9549	7523
4983	7524
2120	7525
5574	7526
3150	7527
1426	7528
6814	7529
9383	7530
3275	7531
7705	7532
5003	7533
9020	7534
1347	7535
686	7536
9737	7537
6809	7538
8897	7539
7522	7540
1187	7541
9	7542
1127	7543
4632	7544
8196	7545
464	7546
9961	7547
5899	7548
556	7549
7386	7550
1380	7551
7541	7552
9270	7553
4140	7554
2151	7555
5776	7556
1260	7557
9531	7558
961	7559
5273	7560
5256	7561
3594	7562
6408	7563
703	7564
8861	7565
5857	7566
1575	7567
604	7568
2604	7569
739	7570
6623	7571
4280	7572
4136	7573
5607	7574
6850	7575
8615	7576
8070	7577
584	7578
7866	7579
794	7580
1010	7581
3770	7582
6950	7583
6193	7584
2257	7585
8385	7586
3641	7587
1109	7588
5934	7589
3542	7590
8697	7591
2888	7592
3137	7593
1149	7594
2189	7595
7996	7596
8371	7597
278	7598
5582	7599
180	7600
4608	7601
9624	7602
4084	7603
5748	7604
7721	7605
5072	7606
7568	7607
9114	7608
2305	7609
6156	7610
5218	7611
9609	7612
545	7613
7208	7614
2458	7615
1593	7616
2520	7617
522	7618
4795	7619
2731	7620
5635	7621
3062	7622
1264	7623
1056	7624
1169	7625
4490	7626
2283	7627
503	7628
6159	7629
9094	7630
64	7631
2511	7632
7106	7633
2934	7634
8570	7635
905	7636
1712	7637
1075	7638
7071	7639
4375	7640
8261	7641
721	7642
7764	7643
3893	7644
3068	7645
2899	7646
6356	7647
7864	7648
6842	7649
542	7650
9772	7651
7660	7652
9275	7653
3818	7654
1983	7655
9744	7656
5454	7657
6230	7658
6232	7659
1859	7660
7224	7661
5778	7662
616	7663
2657	7664
4174	7665
7274	7666
5687	7667
3978	7668
2323	7669
1382	7670
3195	7671
420	7672
9471	7673
3064	7674
639	7675
7455	7676
7979	7677
7689	7678
7197	7679
7373	7680
1307	7681
3757	7682
9746	7683
6516	7684
2268	7685
6583	7686
6063	7687
5263	7688
3053	7689
1947	7690
1788	7691
9428	7692
2386	7693
774	7694
7637	7695
912	7696
2264	7697
9238	7698
6741	7699
7935	7700
8459	7701
7507	7702
2721	7703
210	7704
1306	7705
9856	7706
9881	7707
6092	7708
6522	7709
4519	7710
6513	7711
9972	7712
2130	7713
7636	7714
3356	7715
8458	7716
4746	7717
9162	7718
5048	7719
4545	7720
3548	7721
4222	7722
150	7723
3644	7724
4377	7725
5503	7726
3427	7727
223	7728
5663	7729
871	7730
230	7731
9079	7732
6167	7733
908	7734
9018	7735
4257	7736
7297	7737
5735	7738
1355	7739
824	7740
7444	7741
5175	7742
5562	7743
614	7744
2152	7745
109	7746
4510	7747
7217	7748
1332	7749
1053	7750
1872	7751
4702	7752
8228	7753
2254	7754
7872	7755
3544	7756
6089	7757
1571	7758
3870	7759
7420	7760
3619	7761
8632	7762
3574	7763
7798	7764
8111	7765
7213	7766
2477	7767
9602	7768
2955	7769
2121	7770
6486	7771
2674	7772
8622	7773
9702	7774
3498	7775
311	7776
9252	7777
5626	7778
3711	7779
4722	7780
9183	7781
2801	7782
1059	7783
9942	7784
119	7785
1495	7786
2681	7787
1607	7788
3901	7789
3240	7790
7160	7791
988	7792
1213	7793
8152	7794
953	7795
188	7796
8560	7797
4027	7798
8722	7799
4471	7800
3756	7801
8054	7802
9047	7803
5755	7804
2085	7805
6691	7806
3100	7807
8001	7808
3610	7809
389	7810
9688	7811
4900	7812
3116	7813
3962	7814
9461	7815
4681	7816
5194	7817
7123	7818
7613	7819
9391	7820
8824	7821
2615	7822
4338	7823
7065	7824
9776	7825
3693	7826
7365	7827
2749	7828
1216	7829
7999	7830
9967	7831
5521	7832
6125	7833
7851	7834
1912	7835
4845	7836
9608	7837
3607	7838
8269	7839
4573	7840
9613	7841
9166	7842
4299	7843
4397	7844
6314	7845
2829	7846
8527	7847
6411	7848
1589	7849
6943	7850
249	7851
7508	7852
7869	7853
6540	7854
1834	7855
6810	7856
1967	7857
8480	7858
7923	7859
7246	7860
197	7861
7399	7862
7128	7863
429	7864
6081	7865
2494	7866
6038	7867
4583	7868
220	7869
2901	7870
26	7871
7561	7872
1496	7873
9686	7874
4685	7875
5864	7876
1888	7877
1690	7878
557	7879
477	7880
5369	7881
6200	7882
6390	7883
2513	7884
4458	7885
467	7886
9569	7887
5179	7888
2034	7889
3249	7890
3855	7891
7477	7892
5847	7893
5804	7894
4270	7895
8718	7896
9452	7897
1073	7898
5385	7899
4269	7900
2949	7901
108	7902
1911	7903
1787	7904
679	7905
644	7906
7596	7907
5919	7908
2844	7909
2194	7910
7903	7911
2421	7912
9413	7913
8986	7914
4457	7915
5658	7916
6274	7917
2013	7918
1205	7919
8658	7920
9818	7921
882	7922
3748	7923
613	7924
7080	7925
2090	7926
6405	7927
8995	7928
6153	7929
3998	7930
6588	7931
5490	7932
5206	7933
5788	7934
8556	7935
8637	7936
5211	7937
1585	7938
6639	7939
8367	7940
9430	7941
9708	7942
2163	7943
4813	7944
1900	7945
1465	7946
2073	7947
2358	7948
428	7949
3676	7950
496	7951
3879	7952
4370	7953
8777	7954
6632	7955
9354	7956
9347	7957
9229	7958
3367	7959
1682	7960
579	7961
7288	7962
8925	7963
4954	7964
3660	7965
5265	7966
5730	7967
9930	7968
9389	7969
125	7970
3860	7971
5286	7972
2424	7973
9276	7974
4802	7975
8045	7976
7023	7977
5811	7978
4045	7979
5807	7980
7924	7981
8668	7982
1498	7983
7315	7984
5141	7985
9368	7986
7701	7987
1340	7988
8136	7989
7133	7990
102	7991
5882	7992
6236	7993
3297	7994
3731	7995
3401	7996
4717	7997
4440	7998
7483	7999
1445	8000
8227	8001
7919	8002
7639	8003
4091	8004
8186	8005
3661	8006
1462	8007
7230	8008
3982	8009
2169	8010
1287	8011
6467	8012
9293	8013
6011	8014
8979	8015
8028	8016
6436	8017
3448	8018
3934	8019
3709	8020
4352	8021
5167	8022
9130	8023
940	8024
5666	8025
1006	8026
6438	8027
5636	8028
2099	8029
7163	8030
9907	8031
3930	8032
4856	8033
1786	8034
2157	8035
1203	8036
291	8037
597	8038
6581	8039
4438	8040
8812	8041
5359	8042
1815	8043
5612	8044
385	8045
5451	8046
7410	8047
9518	8048
829	8049
1994	8050
8245	8051
901	8052
8906	8053
5717	8054
8531	8055
9514	8056
4530	8057
9448	8058
9775	8059
2184	8060
6885	8061
1857	8062
2946	8063
199	8064
1405	8065
5801	8066
4725	8067
8566	8068
1535	8069
5550	8070
8095	8071
3330	8072
5628	8073
9936	8074
1855	8075
3524	8076
528	8077
1584	8078
1033	8079
3217	8080
6563	8081
370	8082
631	8083
3887	8084
1153	8085
4249	8086
2350	8087
4396	8088
9066	8089
8164	8090
9660	8091
2392	8092
3891	8093
6334	8094
4953	8095
2396	8096
9438	8097
6984	8098
9755	8099
5262	8100
2454	8101
5466	8102
1913	8103
7744	8104
788	8105
1077	8106
3624	8107
8920	8108
8321	8109
2256	8110
6375	8111
3420	8112
8382	8113
8713	8114
1362	8115
4793	8116
7045	8117
8976	8118
791	8119
9111	8120
3744	8121
5342	8122
9778	8123
3144	8124
6452	8125
5904	8126
7766	8127
7622	8128
8994	8129
5076	8130
3251	8131
2762	8132
5815	8133
3143	8134
899	8135
1089	8136
648	8137
8074	8138
2326	8139
7567	8140
797	8141
2605	8142
6634	8143
5020	8144
9149	8145
4592	8146
3265	8147
3166	8148
3811	8149
889	8150
8389	8151
7523	8152
1779	8153
1620	8154
9001	8155
9291	8156
1115	8157
8951	8158
6813	8159
2876	8160
3380	8161
5062	8162
6474	8163
1455	8164
2340	8165
6748	8166
8257	8167
8018	8168
2945	8169
327	8170
1640	8171
6665	8172
8528	8173
748	8174
6497	8175
6646	8176
9759	8177
1846	8178
2508	8179
4024	8180
5394	8181
596	8182
4664	8183
1322	8184
945	8185
5762	8186
6565	8187
2224	8188
22	8189
3669	8190
9742	8191
7352	8192
2797	8193
4022	8194
457	8195
7476	8196
2933	8197
4659	8198
5950	8199
5190	8200
8036	8201
6459	8202
8090	8203
3180	8204
7111	8205
9763	8206
6122	8207
3054	8208
9098	8209
29	8210
5713	8211
2440	8212
2623	8213
3948	8214
6619	8215
3808	8216
53	8217
6536	8218
3203	8219
8084	8220
1658	8221
1354	8222
3366	8223
3734	8224
8373	8225
9583	8226
8159	8227
3083	8228
3801	8229
2920	8230
260	8231
4225	8232
2928	8233
2567	8234
2689	8235
8776	8236
1718	8237
3720	8238
6042	8239
7879	8240
4599	8241
8225	8242
5605	8243
7627	8244
6085	8245
8056	8246
9334	8247
1568	8248
2635	8249
4244	8250
9475	8251
1596	8252
5057	8253
2586	8254
7633	8255
9421	8256
8818	8257
7431	8258
50	8259
4279	8260
6840	8261
758	8262
127	8263
8429	8264
5177	8265
191	8266
4996	8267
3222	8268
1892	8269
2709	8270
9810	8271
2237	8272
9100	8273
7085	8274
5566	8275
2219	8276
52	8277
9836	8278
7027	8279
98	8280
1204	8281
3915	8282
9854	8283
3041	8284
7850	8285
9943	8286
6604	8287
4896	8288
156	8289
1709	8290
3844	8291
2793	8292
9135	8293
5745	8294
1624	8295
652	8296
2505	8297
293	8298
7108	8299
8153	8300
1144	8301
2344	8302
4617	8303
6379	8304
9564	8305
3650	8306
9788	8307
4109	8308
5222	8309
9182	8310
3532	8311
1178	8312
4830	8313
8375	8314
1429	8315
7829	8316
5117	8317
7936	8318
6767	8319
286	8320
6244	8321
6384	8322
6902	8323
3617	8324
8614	8325
5097	8326
1996	8327
2463	8328
5906	8329
423	8330
8051	8331
1700	8332
5543	8333
5393	8334
8710	8335
9559	8336
1118	8337
6568	8338
9370	8339
676	8340
4680	8341
641	8342
5120	8343
1389	8344
4434	8345
1325	8346
3236	8347
20	8348
7495	8349
1566	8350
9543	8351
7643	8352
177	8353
2913	8354
7517	8355
4990	8356
2483	8357
3260	8358
9924	8359
1212	8360
6161	8361
4156	8362
5892	8363
3009	8364
5220	8365
5219	8366
5360	8367
8904	8368
9051	8369
6029	8370
8248	8371
9960	8372
1907	8373
6454	8374
481	8375
3247	8376
8899	8377
1698	8378
1194	8379
4474	8380
2805	8381
7264	8382
1125	8383
5785	8384
9065	8385
336	8386
1379	8387
7965	8388
8328	8389
7571	8390
4622	8391
6832	8392
8249	8393
9857	8394
7859	8395
340	8396
6117	8397
3357	8398
7818	8399
8834	8400
7361	8401
3504	8402
958	8403
4966	8404
2071	8405
320	8406
8148	8407
7905	8408
6509	8409
9290	8410
3566	8411
2166	8412
5739	8413
8499	8414
4232	8415
3271	8416
8578	8417
8900	8418
2035	8419
4895	8420
2931	8421
2712	8422
5841	8423
492	8424
3365	8425
7054	8426
3299	8427
3940	8428
7649	8429
3635	8430
8276	8431
257	8432
3472	8433
3089	8434
2115	8435
1644	8436
3707	8437
8743	8438
583	8439
1294	8440
4023	8441
6432	8442
453	8443
3530	8444
1811	8445
600	8446
9885	8447
417	8448
9787	8449
9198	8450
7786	8451
4759	8452
2842	8453
5476	8454
8500	8455
7269	8456
7750	8457
6415	8458
8277	8459
778	8460
7119	8461
8455	8462
4516	8463
9887	8464
7104	8465
1381	8466
2193	8467
5317	8468
7992	8469
3798	8470
9515	8471
6837	8472
4146	8473
8104	8474
2906	8475
5463	8476
9369	8477
3273	8478
9491	8479
6697	8480
7653	8481
4700	8482
2122	8483
8534	8484
7295	8485
5103	8486
8461	8487
4730	8488
4678	8489
2491	8490
3029	8491
5494	8492
3758	8493
3777	8494
4294	8495
4683	8496
6312	8497
8303	8498
2729	8499
5852	8500
8652	8501
6698	8502
4543	8503
7279	8504
2161	8505
3426	8506
3133	8507
3440	8508
7504	8509
9898	8510
8666	8511
3642	8512
1319	8513
4762	8514
9950	8515
5729	8516
3088	8517
1451	8518
5965	8519
143	8520
1898	8521
3582	8522
422	8523
4818	8524
5825	8525
1619	8526
369	8527
5079	8528
2668	8529
1707	8530
856	8531
107	8532
1890	8533
6595	8534
1699	8535
390	8536
1819	8537
5030	8538
8430	8539
3576	8540
7741	8541
2828	8542
323	8543
6526	8544
8042	8545
3197	8546
5500	8547
3975	8548
1851	8549
6843	8550
4675	8551
2660	8552
9272	8553
7767	8554
9443	8555
6717	8556
6533	8557
7491	8558
6028	8559
3269	8560
4131	8561
40	8562
9464	8563
6419	8564
823	8565
4425	8566
1199	8567
3518	8568
3121	8569
9861	8570
1876	8571
2642	8572
9361	8573
3957	8574
1179	8575
6624	8576
4712	8577
4667	8578
3966	8579
8268	8580
9662	8581
5957	8582
6506	8583
6234	8584
6413	8585
7051	8586
474	8587
5173	8588
3233	8589
4010	8590
9467	8591
6953	8592
3161	8593
7454	8594
1871	8595
1984	8596
6054	8597
2902	8598
4554	8599
1790	8600
6194	8601
7029	8602
1547	8603
169	8604
8147	8605
1103	8606
9465	8607
2969	8608
4602	8609
7909	8610
8917	8611
2321	8612
1062	8613
1316	8614
2917	8615
8758	8616
7536	8617
9929	8618
2039	8619
2956	8620
4949	8621
2444	8622
1357	8623
9654	8624
7823	8625
8779	8626
9659	8627
9490	8628
9863	8629
6784	8630
8941	8631
634	8632
482	8633
325	8634
1954	8635
8884	8636
6045	8637
7608	8638
7715	8639
3519	8640
1201	8641
1460	8642
2427	8643
4931	8644
7493	8645
1231	8646
8576	8647
9429	8648
7220	8649
9201	8650
2346	8651
1161	8652
620	8653
5602	8654
2537	8655
7772	8656
6110	8657
7218	8658
3091	8659
8990	8660
1208	8661
9828	8662
3763	8663
4314	8664
6389	8665
4897	8666
4612	8667
8178	8668
9646	8669
1613	8670
6220	8671
5496	8672
2128	8673
655	8674
1833	8675
1292	8676
1614	8677
6095	8678
3267	8679
7501	8680
1	8681
5978	8682
707	8683
9748	8684
502	8685
8588	8686
7616	8687
8836	8688
6685	8689
7462	8690
6242	8691
7551	8692
7624	8693
1416	8694
2937	8695
6891	8696
3313	8697
6567	8698
7929	8699
4281	8700
870	8701
6332	8702
6416	8703
7492	8704
2599	8705
9859	8706
5583	8707
3920	8708
2848	8709
660	8710
9294	8711
9655	8712
7423	8713
9360	8714
9262	8715
6946	8716
3352	8717
4796	8718
5168	8719
978	8720
7401	8721
2216	8722
2202	8723
6062	8724
3665	8725
8252	8726
7577	8727
3881	8728
9374	8729
3416	8730
835	8731
5235	8732
7147	8733
8913	8734
9033	8735
2587	8736
1515	8737
6864	8738
2144	8739
4030	8740
9153	8741
1724	8742
9757	8743
6239	8744
3760	8745
5764	8746
6004	8747
6470	8748
5198	8749
8742	8750
8432	8751
1430	8752
7253	8753
1363	8754
3791	8755
4537	8756
5353	8757
6400	8758
3389	8759
5164	8760
4007	8761
1385	8762
4846	8763
4689	8764
4499	8765
1371	8766
8902	8767
4701	8768
458	8769
113	8770
4598	8771
5401	8772
3729	8773
2274	8774
3016	8775
8700	8776
1753	8777
3221	8778
8539	8779
7703	8780
689	8781
2776	8782
5210	8783
3113	8784
3463	8785
2180	8786
3691	8787
6918	8788
9080	8789
2639	8790
8336	8791
3573	8792
5756	8793
2864	8794
7814	8795
8840	8796
7441	8797
6177	8798
6008	8799
4334	8800
57	8801
5814	8802
6648	8803
133	8804
1961	8805
1121	8806
8616	8807
6107	8808
8853	8809
5227	8810
1838	8811
1738	8812
5140	8813
9407	8814
6620	8815
2217	8816
6638	8817
7207	8818
5293	8819
6111	8820
6109	8821
8682	8822
5649	8823
4855	8824
3361	8825
9077	8826
5643	8827
2366	8828
1696	8829
4527	8830
2008	8831
1705	8832
9484	8833
1621	8834
6914	8835
135	8836
1622	8837
4791	8838
4020	8839
7425	8840
3262	8841
717	8842
5248	8843
5848	8844
7897	8845
2926	8846
354	8847
3889	8848
623	8849
4159	8850
5519	8851
5569	8852
1740	8853
6276	8854
1365	8855
6880	8856
5405	8857
9241	8858
5061	8859
7203	8860
3946	8861
4618	8862
929	8863
8593	8864
4116	8865
7896	8866
8608	8867
4536	8868
1651	8869
9584	8870
5031	8871
799	8872
4899	8873
7036	8874
6719	8875
418	8876
8166	8877
275	8878
3732	8879
3446	8880
5388	8881
2572	8882
5558	8883
1480	8884
7984	8885
2555	8886
3223	8887
7200	8888
5668	8889
8055	8890
3342	8891
598	8892
9329	8893
9309	8894
7312	8895
9330	8896
8203	8897
5673	8898
68	8899
5559	8900
8691	8901
3904	8902
4970	8903
9050	8904
3871	8905
6939	8906
7090	8907
9723	8908
3589	8909
6367	8910
3309	8911
1452	8912
2499	8913
3328	8914
2812	8915
363	8916
9498	8917
297	8918
9793	8919
3157	8920
6118	8921
8354	8922
5410	8923
6126	8924
5508	8925
3280	8926
2961	8927
1333	8928
1009	8929
3129	8930
3345	8931
5505	8932
781	8933
6905	8934
8370	8935
2243	8936
1335	8937
8838	8938
5083	8939
1537	8940
6872	8941
4978	8942
5045	8943
1934	8944
138	8945
8119	8946
8964	8947
4401	8948
1595	8949
2834	8950
9336	8951
7265	8952
8591	8953
5812	8954
3252	8955
9824	8956
4277	8957
1002	8958
2018	8959
5123	8960
3743	8961
6272	8962
2784	8963
2223	8964
2070	8965
8180	8966
682	8967
2507	8968
8813	8969
4381	8970
5611	8971
3846	8972
4511	8973
4119	8974
971	8975
6673	8976
7215	8977
5378	8978
2700	8979
714	8980
7158	8981
313	8982
844	8983
1014	8984
5629	8985
7388	8986
9373	8987
2445	8988
9037	8989
3485	8990
5644	8991
5916	8992
6026	8993
9363	8994
7488	8995
6344	8996
7132	8997
2437	8998
7248	8999
7426	9000
9684	9001
3302	9002
7335	9003
8952	9004
7070	9005
8415	9006
2373	9007
6017	9008
2079	9009
5967	9010
887	9011
1759	9012
6505	9013
6933	9014
8088	9015
6524	9016
4982	9017
3433	9018
960	9019
9934	9020
6643	9021
2763	9022
3072	9023
760	9024
6944	9025
8795	9026
4319	9027
2863	9028
3521	9029
2060	9030
821	9031
534	9032
6284	9033
2379	9034
9025	9035
9862	9036
3479	9037
1081	9038
2309	9039
501	9040
6207	9041
4431	9042
2044	9043
147	9044
6256	9045
885	9046
5181	9047
265	9048
4503	9049
9935	9050
8187	9051
6612	9052
4703	9053
146	9054
1558	9055
4894	9056
1198	9057
9067	9058
7752	9059
9012	9060
106	9061
1543	9062
5266	9063
7472	9064
4385	9065
4105	9066
8116	9067
9535	9068
7076	9069
7000	9070
3819	9071
6215	9072
6916	9073
9406	9074
5752	9075
670	9076
5685	9077
5469	9078
5122	9079
2280	9080
4427	9081
1956	9082
5523	9083
7380	9084
986	9085
7574	9086
3092	9087
9868	9088
2941	9089
6986	9090
8113	9091
854	9092
8387	9093
7242	9094
8381	9095
6684	9096
7048	9097
7355	9098
9939	9099
2761	9100
4584	9101
1061	9102
158	9103
4948	9104
8426	9105
8386	9106
8894	9107
4421	9108
8125	9109
2621	9110
5073	9111
395	9112
1737	9113
5800	9114
1019	9115
3007	9116
9822	9117
7995	9118
9578	9119
6598	9120
1774	9121
585	9122
5105	9123
3926	9124
6430	9125
212	9126
5609	9127
3824	9128
6472	9129
5281	9130
8398	9131
9532	9132
5850	9133
4161	9134
2132	9135
8085	9136
8878	9137
7369	9138
1491	9139
4973	9140
4765	9141
2516	9142
6371	9143
2302	9144
3615	9145
2033	9146
8320	9147
9777	9148
7578	9149
7847	9150
5489	9151
9019	9152
8460	9153
2315	9154
9206	9155
8167	9156
4708	9157
7307	9158
7652	9159
4839	9160
2770	9161
1551	9162
9710	9163
283	9164
516	9165
7013	9166
4930	9167
2059	9168
97	9169
7778	9170
6306	9171
69	9172
6013	9173
8712	9174
9878	9175
6180	9176
8552	9177
5771	9178
7033	9179
5366	9180
5448	9181
5545	9182
7022	9183
2045	9184
1552	9185
6043	9186
273	9187
4411	9188
5047	9189
4019	9190
6928	9191
3747	9192
5828	9193
4406	9194
7255	9195
5254	9196
3648	9197
470	9198
2030	9199
2481	9200
7857	9201
1218	9202
4745	9203
1164	9204
5867	9205
7216	9206
1647	9207
6394	9208
2540	9209
9691	9210
8848	9211
4908	9212
5028	9213
1766	9214
6751	9215
6053	9216
9126	9217
2685	9218
27	9219
3715	9220
3761	9221
4704	9222
9053	9223
9540	9224
1667	9225
4869	9226
4306	9227
7669	9228
7771	9229
161	9230
456	9231
7091	9232
1348	9233
6792	9234
709	9235
67	9236
6164	9237
1544	9238
7275	9239
6616	9240
3973	9241
6179	9242
6976	9243
8619	9244
9922	9245
744	9246
5453	9247
6112	9248
853	9249
7601	9250
1312	9251
2282	9252
8914	9253
121	9254
6999	9255
3618	9256
6649	9257
2849	9258
8240	9259
3739	9260
4204	9261
6628	9262
8701	9263
122	9264
7695	9265
4470	9266
4259	9267
8715	9268
9588	9269
5142	9270
289	9271
5217	9272
72	9273
6553	9274
6781	9275
3657	9276
565	9277
9064	9278
9057	9279
9639	9280
4555	9281
927	9282
8603	9283
8753	9284
6073	9285
4558	9286
308	9287
3653	9288
2595	9289
4579	9290
7233	9291
6827	9292
59	9293
1634	9294
8271	9295
5487	9296
9300	9297
6203	9298
7971	9299
3508	9300
538	9301
6778	9302
9766	9303
1606	9304
1038	9305
3961	9306
4904	9307
8358	9308
5691	9309
375	9310
9598	9311
1887	9312
9024	9313
8783	9314
5736	9315
3942	9316
7382	9317
8980	9318
1317	9319
8075	9320
6023	9321
3454	9322
4110	9323
7665	9324
609	9325
6395	9326
1043	9327
9325	9328
9195	9329
6925	9330
5580	9331
4756	9332
3850	9333
2298	9334
4934	9335
3364	9336
3406	9337
3227	9338
934	9339
8210	9340
4220	9341
4665	9342
8796	9343
6281	9344
2865	9345
2284	9346
6391	9347
7202	9348
6387	9349
1844	9350
5845	9351
93	9352
7989	9353
1130	9354
9402	9355
38	9356
2861	9357
5608	9358
7281	9359
1454	9360
1768	9361
913	9362
7682	9363
9738	9364
4067	9365
9903	9366
2571	9367
919	9368
4531	9369
5651	9370
21	9371
37	9372
4603	9373
5115	9374
13	9375
392	9376
6310	9377
3268	9378
9151	9379
1616	9380
5676	9381
6519	9382
170	9383
2443	9384
7544	9385
9006	9386
4228	9387
4962	9388
741	9389
9117	9390
9061	9391
6920	9392
1011	9393
4465	9394
8149	9395
9439	9396
6027	9397
4800	9398
3024	9399
5323	9400
8642	9401
6734	9402
3290	9403
5671	9404
1151	9405
662	9406
2647	9407
6894	9408
9622	9409
7394	9410
1930	9411
287	9412
4938	9413
1272	9414
8850	9415
8704	9416
3099	9417
6051	9418
7100	9419
9280	9420
6913	9421
8064	9422
6226	9423
6838	9424
104	9425
8804	9426
8675	9427
5997	9428
2470	9429
9076	9430
6127	9431
6614	9432
6907	9433
194	9434
5897	9435
873	9436
9713	9437
4493	9438
9795	9439
2436	9440
5311	9441
3142	9442
7947	9443
3814	9444
3696	9445
4453	9446
3325	9447
8352	9448
83	9449
9041	9450
4967	9451
5150	9452
4137	9453
185	9454
5963	9455
3845	9456
1722	9457
7428	9458
4606	9459
6397	9460
2036	9461
1962	9462
2356	9463
5868	9464
5951	9465
1327	9466
1609	9467
3239	9468
3699	9469
406	9470
8137	9471
9958	9472
8032	9473
5859	9474
3192	9475
8891	9476
3552	9477
4418	9478
6716	9479
9250	9480
4456	9481
8033	9482
6807	9483
6922	9484
5337	9485
2667	9486
7430	9487
1576	9488
9485	9489
8053	9490
7784	9491
8330	9492
9327	9493
1965	9494
4586	9495
1641	9496
222	9497
9447	9498
9945	9499
7168	9500
806	9501
7154	9502
6240	9503
1896	9504
261	9505
1704	9506
6264	9507
6019	9508
5784	9509
7039	9510
6080	9511
2925	9512
478	9513
5969	9514
8231	9515
335	9516
3311	9517
8733	9518
8523	9519
4926	9520
4468	9521
5380	9522
9264	9523
1079	9524
8280	9525
6515	9526
2708	9527
1	9528
7976	9529
7558	9530
1058	9531
543	9532
269	9533
2395	9534
3442	9535
8145	9536
5719	9537
4890	9538
692	9539
3565	9540
7466	9541
2367	9542
148	9543
9027	9544
3794	9545
7734	9546
488	9547
4946	9548
9273	9549
3177	9550
6858	9551
9220	9552
8368	9553
8811	9554
7830	9555
2780	9556
8873	9557
992	9558
7099	9559
8281	9560
996	9561
1016	9562
3066	9563
9673	9564
7958	9565
352	9566
5367	9567
6425	9568
7231	9569
105	9570
9815	9571
2077	9572
6325	9573
2068	9574
7435	9575
4061	9576
7893	9577
9597	9578
5599	9579
7840	9580
668	9581
5144	9582
4080	9583
3120	9584
95	9585
589	9586
24	9587
1012	9588
5524	9589
242	9590
4684	9591
3983	9592
9538	9593
6393	9594
7165	9595
4557	9596
9505	9597
7970	9598
6779	9599
4913	9600
8720	9601
5195	9602
9207	9603
9894	9604
274	9605
4240	9606
3377	9607
1461	9608
9204	9609
4459	9610
1909	9611
8481	9612
3752	9613
3	9614
2735	9615
2419	9616
7259	9617
9687	9618
45	9619
761	9620
3136	9621
4515	9622
3489	9623
6365	9624
92	9625
3218	9626
1875	9627
9504	9628
3405	9629
3684	9630
2823	9631
268	9632
2484	9633
1899	9634
2670	9635
6188	9636
267	9637
1	9638
8324	9639
7227	9640
8314	9641
2072	9642
411	9643
4927	9644
288	9645
8363	9646
123	9647
5312	9648
9308	9649
2067	9650
9926	9651
4891	9652
1155	9653
1448	9654
84	9655
8265	9656
1863	9657
7146	9658
3755	9659
366	9660
2319	9661
3226	9662
4142	9663
4096	9664
8014	9665
9313	9666
9218	9667
5475	9668
8728	9669
7550	9670
2394	9671
2004	9672
1433	9673
8318	9674
8744	9675
9917	9676
4992	9677
9784	9678
4784	9679
7747	9680
5375	9681
7063	9682
7862	9683
6633	9684
817	9685
5011	9686
3350	9687
7073	9688
4514	9689
1473	9690
2995	9691
4335	9692
2197	9693
6534	9694
1250	9695
5416	9696
4551	9697
5238	9698
1870	9699
4371	9700
895	9701
9278	9702
687	9703
5777	9704
6651	9705
468	9706
2824	9707
6134	9708
3723	9709
5419	9710
8847	9711
757	9712
8450	9713
4303	9714
9394	9715
6135	9716
2459	9717
3402	9718
4192	9719
9488	9720
5693	9721
2158	9722
8928	9723
9239	9724
6174	9725
2357	9726
1133	9727
9796	9728
4201	9729
581	9730
8316	9731
8867	9732
9318	9733
9312	9734
1885	9735
5352	9736
4484	9737
6058	9738
6147	9739
4079	9740
5299	9741
8272	9742
4861	9743
5015	9744
1695	9745
9451	9746
8050	9747
10	9748
10	9749
2950	9750
6870	9751
9083	9752
506	9753
8933	9754
1093	9755
6050	9756
5830	9757
1148	9758
9123	9759
435	9760
8093	9761
2976	9762
1087	9763
8026	9764
8910	9765
63	9766
9844	9767
8656	9768
6677	9769
715	9770
7592	9771
4956	9772
1796	9773
7500	9774
8768	9775
7330	9776
8190	9777
1820	9778
8943	9779
2371	9780
2816	9781
1745	9782
8380	9783
3585	9784
7131	9785
34	9786
7964	9787
3316	9788
6653	9789
1710	9790
3878	9791
2452	9792
701	9793
6406	9794
3343	9795
627	9796
5862	9797
6951	9798
8638	9799
430	9800
967	9801
8579	9802
6288	9803
277	9804
4546	9805
2156	9806
5914	9807
7977	9808
5478	9809
2542	9810
1236	9811
2092	9812
6064	9813
3422	9814
2742	9815
66	9816
1314	9817
3580	9818
5509	9819
9957	9820
3346	9821
1635	9822
8491	9823
5070	9824
3110	9825
2438	9826
5898	9827
2181	9828
432	9829
5520	9830
8868	9831
1891	9832
2779	9833
3424	9834
688	9835
3606	9836
2579	9837
5436	9838
1280	9839
5575	9840
2531	9841
120	9842
4614	9843
3211	9844
4197	9845
9767	9846
111	9847
7479	9848
3613	9849
7736	9850
8945	9851
1082	9852
12	9853
4824	9854
387	9855
2262	9856
6692	9857
6	9858
1630	9859
3403	9860
9295	9861
3595	9862
6525	9863
8023	9864
5829	9865
8571	9866
9147	9867
3767	9868
2627	9869
2355	9870
3937	9871
5502	9872
1512	9873
568	9874
4810	9875
9265	9876
7016	9877
7532	9878
7204	9879
5983	9880
6455	9881
1464	9882
8345	9883
4086	9884
6292	9885
6723	9886
8702	9887
4688	9888
5	9889
3187	9890
442	9891
8101	9892
6938	9893
4210	9894
909	9895
1309	9896
9499	9897
635	9898
4113	9899
2413	9900
5102	9901
1944	9902
724	9903
1436	9904
6713	9905
3725	9906
1114	9907
6464	9908
3171	9909
507	9910
7566	9911
4548	9912
2273	9913
2032	9914
9152	9915
4106	9916
2919	9917
2590	9918
236	9919
5078	9920
2478	9921
8434	9922
5189	9923
2932	9924
6857	9925
8505	9926
7043	9927
8649	9928
7895	9929
1257	9930
7149	9931
2058	9932
2952	9933
6521	9934
3768	9935
2757	9936
2311	9937
6770	9938
9735	9939
8092	9940
5008	9941
4051	9942
9381	9943
1211	9944
4553	9945
942	9946
3847	9947
6594	9948
5021	9949
5351	9950
5208	9951
8140	9952
5885	9953
5856	9954
9392	9955
6700	9956
6065	9957
2244	9958
2409	9959
2423	9960
348	9961
398	9962
4004	9963
55	9964
8076	9965
7658	9966
6070	9967
1748	9968
838	9969
2833	9970
8754	9971
7681	9972
1590	9973
2118	9974
7460	9975
9769	9976
4563	9977
975	9978
7785	9979
9804	9980
2606	9981
4647	9982
7737	9983
4198	9984
2245	9985
9652	9986
4243	9987
5536	9988
1992	9989
1701	9990
3908	9991
9102	9992
7529	9993
7053	9994
683	9995
8789	9996
4351	9997
649	9998
8078	9999
5875	10000
